3 0.015625 0.525781 0.030469 0.079687
3 0.026562 0.782031 0.053125 0.104688
3 0.029687 0.953906 0.059375 0.089063
3 0.035937 0.603125 0.071484 0.075391
3 0.021875 0.679688 0.038281 0.073438
3 0.042188 0.429688 0.060937 0.064062
3 0.047656 0.301563 0.065625 0.052344
3 0.065625 0.679688 0.076563 0.110156
3 0.068750 0.873437 0.069531 0.091406
3 0.071875 0.546875 0.068359 0.109766
3 0.065625 0.489844 0.042188 0.051562
3 0.092188 0.776563 0.068750 0.116016
3 0.095312 0.945312 0.075391 0.081250
3 0.087500 0.265625 0.039844 0.057813
3 0.117188 0.596094 0.064844 0.079687
3 0.112500 0.321094 0.043750 0.064062
3 0.125781 0.511719 0.054687 0.077344
3 0.133594 0.864844 0.060156 0.098437
3 0.140625 0.679688 0.068750 0.089063
3 0.139063 0.274219 0.025391 0.040625
3 0.154688 0.572656 0.052344 0.070703
3 0.169531 0.933594 0.064453 0.081250
3 0.163281 0.442188 0.042187 0.073438
3 0.171875 0.743750 0.055469 0.088281
3 0.164062 0.325781 0.037500 0.062500
3 0.187500 0.501563 0.060156 0.075781
3 0.199219 0.844531 0.067969 0.093750
3 0.196875 0.662500 0.058984 0.084766
3 0.183594 0.283594 0.023828 0.046875
3 0.212500 0.332031 0.035937 0.039062
3 0.225781 0.919531 0.060547 0.110547
3 0.230469 0.726562 0.061328 0.090234
3 0.227344 0.457813 0.048438 0.046094
3 0.217969 0.292969 0.023438 0.023438
3 0.234375 0.589844 0.046094 0.071875
3 0.244531 0.508594 0.046094 0.082812
3 0.253906 0.647656 0.057813 0.079687
3 0.265625 0.837500 0.074219 0.108984
3 0.260156 0.329688 0.036719 0.035156
3 0.257812 0.288281 0.026562 0.013281
3 0.272656 0.451562 0.039062 0.058594
3 0.292969 0.715625 0.051562 0.075781
3 0.287500 0.582031 0.036719 0.051562
3 0.288281 0.491406 0.034375 0.095312
3 0.296875 0.892969 0.048438 0.104688
3 0.306250 0.339844 0.044141 0.057813
3 0.310937 0.639844 0.047656 0.064062
3 0.324219 0.817187 0.064453 0.090625
3 0.315625 0.446875 0.042188 0.028906
3 0.334375 0.382031 0.057031 0.057813
3 0.343750 0.586719 0.042969 0.050000
3 0.346875 0.524219 0.048438 0.086719
3 0.351562 0.720313 0.057813 0.077344
3 0.354687 0.881250 0.058594 0.068750
3 0.359375 0.339844 0.049609 0.057813
3 0.364063 0.646094 0.046094 0.063672
3 0.365625 0.444531 0.042188 0.060156
3 0.378906 0.797656 0.054297 0.092188
3 0.379688 0.386719 0.031641 0.055078
3 0.387500 0.581250 0.030469 0.061719
3 0.399219 0.710156 0.045703 0.076172
3 0.407813 0.439063 0.050000 0.071875
3 0.412500 0.650000 0.057031 0.099219
3 0.410156 0.333594 0.044531 0.046094
3 0.426563 0.528906 0.035156 0.066406
3 0.430469 0.395313 0.038672 0.084766
3 0.437500 0.691406 0.030469 0.031250
3 0.447656 0.589844 0.042188 0.071875
3 0.457813 0.423438 0.041406 0.052344
3 0.471094 0.635156 0.045703 0.058203
3 0.470313 0.541406 0.042188 0.063281
3 0.493750 0.593750 0.025781 0.075391
3 0.769531 0.467187 0.042578 0.046484
3 0.771875 0.520312 0.030469 0.057031
3 0.786719 0.553125 0.039453 0.053125
3 0.802344 0.511719 0.037500 0.042188
3 0.817187 0.469531 0.037891 0.058203
3 0.817187 0.593750 0.038281 0.041406
3 0.823438 0.561719 0.033594 0.069922
3 0.852344 0.561719 0.045312 0.036719
3 0.844531 0.530469 0.021875 0.040625
3 0.853906 0.599219 0.035547 0.042188
3 0.853125 0.494531 0.026562 0.061719