0 0.429688 0.741406 0.804688 0.515625
0 0.317969 0.238281 0.014453 0.017578
0 0.335938 0.254688 0.015625 0.015234
0 0.349219 0.231250 0.014062 0.021484
0 0.606250 0.280469 0.114844 0.057813
0 0.735938 0.250781 0.007812 0.009375
0 0.748437 0.287500 0.007812 0.013281
0 0.772656 0.982031 0.032812 0.033203
0 0.770312 0.259375 0.009766 0.007031
0 0.781250 0.361719 0.014063 0.010938
0 0.782031 0.277344 0.009375 0.007812
0 0.810937 0.289062 0.010156 0.009375
0 0.811719 0.381250 0.011328 0.009766
0 0.814844 0.296875 0.007812 0.009375
0 0.825781 0.293750 0.008203 0.007031
0 0.884375 0.318750 0.087109 0.037891
0 0.882812 0.364063 0.010156 0.012891
0 0.901563 0.438281 0.008984 0.010937
0 0.926562 0.448437 0.014063 0.009375