0 0.008594 0.408594 0.017188 0.036328
0 0.008594 0.438281 0.017188 0.042188
0 0.009375 0.329688 0.018750 0.075000
0 0.013281 0.132031 0.026562 0.048047
0 0.065625 0.213281 0.131250 0.196094
0 0.004687 0.258594 0.008594 0.043750
0 0.077344 0.529687 0.153906 0.260156
0 0.180469 0.557813 0.219531 0.288281
0 0.178125 0.342187 0.187109 0.177344
0 0.313281 0.402344 0.214844 0.246875
0 0.367188 0.608594 0.212500 0.283594
0 0.412500 0.275000 0.169141 0.234375
0 0.373437 0.531250 0.082812 0.098437
0 0.557813 0.430469 0.314844 0.323047
0 0.531250 0.642969 0.219531 0.307812
0 0.651563 0.307031 0.266406 0.271875
0 0.712500 0.031250 0.188281 0.061719
0 0.757031 0.688281 0.242188 0.361328
0 0.846875 0.493750 0.209375 0.309375
0 0.920312 0.667188 0.158984 0.491406