3 0.083594 0.714844 0.089063 0.126172
3 0.132812 0.671094 0.128906 0.170703
3 0.153906 0.439063 0.087500 0.159766
3 0.210938 0.560937 0.127734 0.160156
3 0.192188 0.827344 0.072656 0.124219
3 0.214844 0.435156 0.073438 0.112500
3 0.264844 0.832812 0.085156 0.123438
3 0.295312 0.915625 0.125391 0.124609
3 0.299219 0.489063 0.076562 0.108984
3 0.309375 0.617188 0.096875 0.134375
3 0.368750 0.704688 0.083984 0.122656
3 0.428125 0.466406 0.089063 0.122656
3 0.425781 0.858594 0.081250 0.123438
3 0.458594 0.718750 0.092578 0.113281
3 0.600000 0.749219 0.137109 0.185938
3 0.654687 0.580469 0.139844 0.182812
3 0.737500 0.812500 0.162500 0.208984