0 0.024219 0.696875 0.048438 0.067969
0 0.094531 0.761719 0.189062 0.067969
0 0.044531 0.864062 0.032813 0.017188
0 0.127344 0.699219 0.149219 0.049219
0 0.071875 0.856250 0.022656 0.011719
0 0.089063 0.863281 0.010937 0.013281
0 0.107031 0.746875 0.042188 0.042969
0 0.267188 0.756250 0.182813 0.054688
0 0.276562 0.692969 0.151562 0.046875
0 0.243750 0.850000 0.024219 0.010156
0 0.282813 0.846094 0.034375 0.013281
0 0.418750 0.714063 0.128125 0.121094
0 0.435937 0.838281 0.014844 0.013281
0 0.453906 0.834375 0.011719 0.010156
0 0.471094 0.834375 0.022656 0.015625
0 0.832812 0.857812 0.017188 0.023438
0 0.921094 0.769531 0.156250 0.161719
0 0.849219 0.869531 0.010937 0.015625
0 0.986719 0.978906 0.024219 0.023438