3 0.014063 0.853906 0.018750 0.026562
3 0.014063 0.816406 0.021094 0.048828
3 0.019531 0.782031 0.030078 0.048047
3 0.038281 0.831250 0.027344 0.067969
3 0.035937 0.757031 0.016406 0.057031
3 0.071094 0.907813 0.023438 0.037500
3 0.067969 0.940625 0.012500 0.028125
3 0.071875 0.760156 0.010937 0.036719
3 0.080469 0.732031 0.026562 0.047656
3 0.100000 0.823438 0.023438 0.047656
3 0.114062 0.917969 0.009766 0.036328
3 0.131250 0.836719 0.023438 0.034375
3 0.139063 0.940625 0.024219 0.028125
3 0.141406 0.810937 0.028906 0.043750
3 0.150000 0.880469 0.034375 0.043750
3 0.157031 0.835938 0.026562 0.050000
3 0.178125 0.920312 0.054688 0.054688
3 0.173437 0.977344 0.030469 0.028125
3 0.198437 0.855469 0.034375 0.036328
3 0.199219 0.818750 0.035937 0.028516
3 0.212500 0.979688 0.039844 0.036719
3 0.213281 0.896875 0.026562 0.062891
3 0.238281 0.831250 0.023438 0.041016
3 0.260156 0.908594 0.032813 0.055469
3 0.266406 0.847656 0.032813 0.047656
3 0.270313 0.955469 0.029687 0.053125
3 0.296094 0.970313 0.031250 0.057813
3 0.292969 0.883594 0.021094 0.045312
3 0.313281 0.853906 0.026563 0.054688
3 0.324219 0.903906 0.029687 0.045312
3 0.325781 0.960156 0.028125 0.062500
3 0.352344 0.873437 0.026563 0.043750
3 0.382031 0.846094 0.023438 0.065625
3 0.395313 0.908594 0.026562 0.055469
3 0.423438 0.933594 0.031250 0.041406
3 0.429688 0.868750 0.035937 0.062500
3 0.437500 0.974219 0.040625 0.034375
3 0.446094 0.842187 0.031250 0.059375
3 0.467969 0.941406 0.035937 0.052344
3 0.475781 0.833594 0.033203 0.041797
3 0.482031 0.876563 0.038281 0.045312
3 0.494531 0.975781 0.026172 0.029687
3 0.497656 0.799219 0.014453 0.028125
3 0.510156 0.844531 0.035937 0.041406
3 0.512500 0.952344 0.038281 0.051562
3 0.519531 0.900000 0.032031 0.057031
3 0.541406 0.980469 0.042188 0.034375
3 0.540625 0.932813 0.036719 0.047266
3 0.548438 0.825781 0.035156 0.057422
3 0.550781 0.865625 0.032813 0.055859
3 0.560156 0.970313 0.035937 0.041016
3 0.585156 0.928125 0.036328 0.038281
3 0.582812 0.878906 0.026563 0.067969
3 0.586719 0.814844 0.034375 0.035937
3 0.604688 0.962500 0.053906 0.039062
3 0.610938 0.860938 0.027344 0.055859
3 0.612500 0.917969 0.030469 0.063672
3 0.615625 0.822656 0.023438 0.045313
3 0.640625 0.948438 0.025781 0.039844
3 0.648438 0.859375 0.035937 0.057813
3 0.682031 0.844531 0.039062 0.041406
3 0.707812 0.783594 0.039062 0.054688
3 0.726562 0.797656 0.030859 0.043750
3 0.762500 0.757031 0.060938 0.082031
3 0.765625 0.818750 0.036719 0.024219
3 0.807813 0.816406 0.039062 0.049219
3 0.831250 0.778125 0.037500 0.052734