3 0.310156 0.456250 0.076172 0.080859
3 0.343750 0.659375 0.050000 0.092188
3 0.338281 0.524219 0.034375 0.085938
3 0.373437 0.571094 0.047656 0.092188
3 0.391406 0.714063 0.045312 0.077344
3 0.439844 0.694531 0.050000 0.092188
3 0.469531 0.756250 0.057813 0.080859
3 0.526563 0.769531 0.046094 0.080469
3 0.566406 0.710938 0.057813 0.078516
3 0.593750 0.762500 0.057031 0.082031
3 0.657031 0.760938 0.069922 0.085156
3 0.674219 0.707812 0.042188 0.071875
3 0.685156 0.266406 0.050000 0.069531
3 0.729688 0.694531 0.053906 0.080469
3 0.744531 0.626563 0.044531 0.121094
3 0.765625 0.546875 0.034375 0.085938