2 0.082812 0.921094 0.026562 0.067187
2 0.123438 0.905469 0.026562 0.064062
2 0.283594 0.881250 0.009375 0.013281
2 0.307812 0.886719 0.021875 0.021875
2 0.302344 0.832031 0.007812 0.023047
2 0.496094 0.930469 0.090625 0.137500
2 0.544531 0.707812 0.008594 0.025781
2 0.594531 0.967969 0.098828 0.061328
2 0.692969 0.948438 0.063281 0.101562
2 0.682031 0.748437 0.014844 0.037500
2 0.798438 0.845313 0.055859 0.190625
2 0.864062 0.663281 0.013281 0.019531
2 0.936719 0.660156 0.024219 0.020313
2 0.931250 0.812500 0.010937 0.042969
2 0.979688 0.780469 0.039844 0.141406