3 0.016406 0.246094 0.032813 0.077344
3 0.027344 0.822656 0.039062 0.042188
3 0.041406 0.267188 0.064062 0.106641
3 0.039844 0.660156 0.039062 0.054688
3 0.046875 0.859375 0.024609 0.040234
3 0.059375 0.948438 0.046094 0.067187
3 0.067187 0.596094 0.040234 0.042578
3 0.092188 0.962500 0.028906 0.039844
3 0.128125 0.092188 0.092969 0.108984
3 0.109375 0.512500 0.039844 0.051562
3 0.108594 0.671094 0.031250 0.035937
3 0.118750 0.614062 0.026562 0.037500
3 0.134375 0.782031 0.033984 0.063672
3 0.138281 0.382031 0.041797 0.045703
3 0.143750 0.548438 0.023438 0.020313
3 0.150781 0.507812 0.035547 0.053125
3 0.285156 0.053125 0.104688 0.105469
3 0.278125 0.523438 0.028125 0.053125
3 0.298438 0.683594 0.039062 0.063281
3 0.337500 0.121094 0.107031 0.124219
3 0.310937 0.510156 0.021875 0.055078
3 0.346094 0.513281 0.045703 0.084375
3 0.347656 0.582031 0.035937 0.057031
3 0.368750 0.634375 0.044531 0.049219
3 0.397656 0.346094 0.067187 0.076953
3 0.405469 0.749219 0.019531 0.030469
3 0.446094 0.582031 0.032813 0.057031
3 0.444531 0.778906 0.026562 0.035156
3 0.473438 0.896875 0.039844 0.077344
3 0.487500 0.970313 0.026562 0.048438
3 0.522656 0.614062 0.027344 0.037500
3 0.555469 0.663281 0.039062 0.042188
3 0.560937 0.617188 0.041016 0.072266
3 0.616406 0.347656 0.053906 0.063281
3 0.648438 0.285938 0.030859 0.059766
3 0.684375 0.288281 0.042969 0.054688
3 0.698438 0.346875 0.046094 0.050781
3 0.715625 0.209375 0.057813 0.077344
3 0.719531 0.942969 0.033203 0.030078
3 0.732812 0.367188 0.039844 0.051562
3 0.744531 0.325781 0.029688 0.035937
3 0.748437 0.591406 0.037500 0.072656
3 0.787500 0.970313 0.037500 0.037500
3 0.790625 0.388281 0.031250 0.041406
3 0.806250 0.753125 0.046094 0.058594
3 0.817969 0.309375 0.039453 0.058984
3 0.833594 0.366406 0.045312 0.057031
3 0.903906 0.576562 0.057031 0.065625
3 0.935937 0.314063 0.058594 0.046094
3 0.935937 0.278125 0.042969 0.075781