0 0.868750 0.664062 0.087500 0.101562
0 0.008594 0.373437 0.017188 0.064063
0 0.025000 0.274219 0.050000 0.041406
0 0.039062 0.410156 0.078125 0.101562
0 0.099219 0.509375 0.198437 0.167187
0 0.027344 0.302344 0.051953 0.029687
0 0.157812 0.750781 0.281250 0.210547
0 0.083594 0.275000 0.075000 0.084375
0 0.121875 0.982812 0.078516 0.028906
0 0.179688 0.926562 0.116016 0.121094
0 0.164062 0.388281 0.060156 0.075000
0 0.224219 0.951562 0.120703 0.093750
0 0.225781 0.317188 0.079297 0.090234
0 0.235156 0.382031 0.079687 0.103125
0 0.295312 0.382812 0.062500 0.078906
0 0.320312 0.961719 0.103906 0.073438
0 0.306250 0.484375 0.062500 0.123438
0 0.285938 0.182812 0.018750 0.028125
0 0.297656 0.199219 0.017188 0.029687
0 0.363281 0.505469 0.098437 0.121875
0 0.367969 0.356250 0.066406 0.067187
0 0.384375 0.421875 0.093750 0.116016
0 0.374219 0.202344 0.018750 0.033594
0 0.387500 0.227344 0.017969 0.029687
0 0.448437 0.508594 0.087500 0.101562
0 0.540625 0.775000 0.246094 0.247656
0 0.460156 0.435156 0.077344 0.101562
0 0.448437 0.326562 0.042188 0.078906
0 0.539844 0.844531 0.100000 0.116406
0 0.554688 0.442188 0.078906 0.125781
0 0.571094 0.987500 0.070312 0.020313
0 0.568750 0.486719 0.042969 0.065625
0 0.624219 0.458594 0.089063 0.121875
0 0.632812 0.926562 0.097656 0.143359
0 0.696094 0.938281 0.122656 0.120313
0 0.682813 0.489844 0.058594 0.085938
0 0.700781 0.428125 0.083203 0.112500
0 0.792188 0.662500 0.227344 0.236719
0 0.901563 0.861719 0.114062 0.133594
0 0.959375 0.958594 0.078906 0.078906
0 0.973437 0.882031 0.052344 0.126953