3 0.052344 0.775781 0.030469 0.053906
3 0.081250 0.890625 0.034375 0.068750
3 0.129688 0.826562 0.024219 0.064062
3 0.137500 0.185156 0.040234 0.087500
3 0.162500 0.669531 0.026562 0.056250
3 0.168750 0.882812 0.024219 0.039844
3 0.196875 0.542188 0.025781 0.089844
3 0.253125 0.091406 0.024219 0.070312
3 0.304688 0.223438 0.028125 0.056250
3 0.324219 0.035937 0.026172 0.046094
3 0.359375 0.038281 0.019141 0.054297
3 0.414062 0.235937 0.024609 0.062500
3 0.675781 0.273438 0.052344 0.073438
3 0.725781 0.260937 0.045313 0.116406
3 0.729688 0.143750 0.052344 0.092187
3 0.758594 0.389062 0.042188 0.104688
3 0.773438 0.311719 0.047656 0.058203
3 0.773438 0.189062 0.035937 0.095312
3 0.799219 0.239844 0.059375 0.102344
3 0.811719 0.323437 0.041797 0.066016