3 0.195312 0.284375 0.103125 0.093750
3 0.187500 0.372656 0.084375 0.089063
3 0.252344 0.413281 0.117188 0.073438
3 0.320312 0.271094 0.103125 0.092187
3 0.350000 0.095312 0.131250 0.090625
3 0.408594 0.378125 0.198438 0.209375
3 0.429688 0.189844 0.187500 0.189062
3 0.473438 0.784375 0.184375 0.196875
3 0.596875 0.308594 0.065625 0.098437
3 0.690625 0.446094 0.206250 0.195312
3 0.646875 0.214844 0.112500 0.126562
3 0.692187 0.930469 0.178125 0.035937
3 0.683594 0.321094 0.079687 0.085938
3 0.873437 0.391406 0.137500 0.182812
3 0.907031 0.819531 0.123438 0.239062