3 0.190625 0.270313 0.144531 0.153125
3 0.250781 0.766406 0.114453 0.090625
3 0.246875 0.157031 0.093750 0.095312
3 0.285938 0.337500 0.162500 0.091406
3 0.328906 0.749219 0.061328 0.057422
3 0.329688 0.797656 0.033984 0.030078
3 0.385156 0.345313 0.120313 0.148438
3 0.425000 0.767188 0.146484 0.091406
3 0.507812 0.326562 0.174219 0.114062
3 0.517188 0.203125 0.122656 0.115625
3 0.590625 0.780469 0.158594 0.103125
3 0.594531 0.257031 0.073438 0.121094
3 0.696094 0.123438 0.085938 0.087500
3 0.710156 0.771875 0.079687 0.062500
3 0.717187 0.204687 0.083594 0.077734
3 0.771875 0.338281 0.128906 0.134375
3 0.778125 0.172656 0.093359 0.082812
3 0.813281 0.775781 0.139063 0.061328
3 0.828125 0.277344 0.115234 0.180078
3 0.938281 0.345313 0.120313 0.141406