3 0.043750 0.434375 0.027344 0.031250
3 0.082812 0.182031 0.022656 0.026562
3 0.107031 0.278906 0.035938 0.022656
3 0.110156 0.308594 0.015625 0.036719
3 0.110937 0.222656 0.017188 0.031250
3 0.134375 0.294531 0.039844 0.032813
3 0.131250 0.203906 0.015625 0.017969
3 0.298438 0.378906 0.038281 0.031250
3 0.301563 0.185156 0.041406 0.032813
3 0.306250 0.286719 0.032031 0.048438
3 0.334375 0.278906 0.034375 0.029687
3 0.334375 0.305469 0.024219 0.030469
3 0.356250 0.193750 0.025781 0.035156
3 0.369531 0.383594 0.051562 0.062500
3 0.391406 0.194531 0.027344 0.037500
3 0.454688 0.316406 0.037500 0.031250
3 0.506250 0.345313 0.035156 0.035937
3 0.536719 0.287500 0.026562 0.027344
3 0.557813 0.705469 0.027344 0.028125