2 0.050781 0.545312 0.101562 0.366406
2 0.184375 0.633594 0.071875 0.468750
2 0.292187 0.507031 0.091406 0.767578
2 0.343750 0.382031 0.007031 0.018750
2 0.370312 0.357031 0.007812 0.017969
2 0.380469 0.366406 0.010156 0.015625
2 0.437500 0.435937 0.117969 0.603125
2 0.528125 0.589844 0.055469 0.246875
2 0.536719 0.371875 0.012500 0.021875
2 0.563281 0.418750 0.010938 0.015625
2 0.568750 0.594531 0.007812 0.015625
2 0.575000 0.407813 0.007031 0.010156
2 0.577344 0.600781 0.009375 0.015625
2 0.576562 0.642969 0.005469 0.017969
2 0.580469 0.631250 0.007812 0.015625
2 0.619531 0.649219 0.042188 0.287500
2 0.805469 0.652344 0.203906 0.644531
2 0.938281 0.542969 0.123047 0.650000
2 0.977344 0.172656 0.017188 0.034375
2 0.982031 0.214062 0.017188 0.034375
2 0.992188 0.164844 0.014844 0.032422
2 0.994531 0.233594 0.010547 0.036328
2 0.996094 0.191406 0.006250 0.020313