2 0.026562 0.489844 0.052344 0.091406
2 0.157031 0.464062 0.054688 0.111719
2 0.296875 0.690625 0.036719 0.072266
2 0.346875 0.547656 0.107031 0.138281
2 0.357812 0.725781 0.046094 0.085547
2 0.411719 0.683594 0.046875 0.051562
2 0.414844 0.220312 0.048047 0.089844
2 0.409375 0.061719 0.030859 0.076172
2 0.478906 0.087500 0.051562 0.050781
2 0.662500 0.328906 0.082031 0.082812
2 0.741406 0.226562 0.055078 0.066406
2 0.810156 0.188281 0.037500 0.072656
2 0.883594 0.435937 0.073438 0.077344
2 0.877344 0.136719 0.039844 0.050000
2 0.887500 0.339844 0.025781 0.063672
2 0.948438 0.126562 0.040234 0.077734
2 0.975781 0.372656 0.047656 0.101562