3 0.234375 0.410938 0.096094 0.154688
3 0.267969 0.548438 0.139844 0.178125
3 0.280469 0.255469 0.078906 0.148437
3 0.310156 0.412500 0.070703 0.199609
3 0.331250 0.233594 0.084375 0.178125
3 0.373437 0.665625 0.141406 0.177734
3 0.412500 0.534375 0.149609 0.181250
3 0.421094 0.154688 0.161719 0.232031
3 0.430469 0.353125 0.160938 0.174609
3 0.519531 0.634375 0.145703 0.199609
3 0.542969 0.212500 0.142187 0.200781
3 0.551562 0.396875 0.145312 0.178125
3 0.634375 0.523438 0.153125 0.177344
3 0.629687 0.254688 0.094531 0.189062
3 0.676562 0.400000 0.121094 0.153906