2 0.028125 0.438281 0.056250 0.076563
2 0.093750 0.474219 0.074219 0.100000
2 0.092188 0.936719 0.057812 0.051562
2 0.215625 0.736719 0.202344 0.151562
2 0.314844 0.506250 0.398438 0.217969
2 0.206250 0.953906 0.144531 0.089844
2 0.222656 0.030469 0.062500 0.060156
2 0.225781 0.321094 0.021875 0.031250
2 0.239844 0.305469 0.020313 0.028125
2 0.262500 0.324219 0.019531 0.029687
2 0.262500 0.825781 0.019531 0.033594
2 0.267188 0.796875 0.014062 0.024219
2 0.271875 0.776563 0.017188 0.027344
2 0.308594 0.067187 0.088281 0.103906
2 0.320312 0.183594 0.062500 0.103125
2 0.421094 0.246875 0.250000 0.188281
2 0.378125 0.982031 0.067187 0.033594
2 0.506250 0.619531 0.086719 0.139063
2 0.600000 0.460938 0.051562 0.082031
2 0.612500 0.747656 0.071875 0.155469
2 0.609375 0.168750 0.020313 0.028125
2 0.616406 0.197656 0.017187 0.036719
2 0.683594 0.061719 0.014063 0.024219
2 0.735156 0.062500 0.098437 0.124219
2 0.817187 0.268750 0.109375 0.136719
2 0.918750 0.071094 0.151562 0.141406
2 0.939063 0.302344 0.121094 0.185156
2 0.956250 0.510156 0.086719 0.089844
2 0.968750 0.753906 0.060937 0.075781
2 0.987500 0.922656 0.017969 0.019531
2 0.988281 0.982031 0.017188 0.018750
2 0.987500 0.946094 0.011719 0.017188