3 0.258594 0.956250 0.071875 0.084375
3 0.289062 0.885156 0.081641 0.115625
3 0.322656 0.781250 0.076562 0.125781
3 0.329688 0.947656 0.070312 0.103125
3 0.358594 0.696875 0.082422 0.112109
3 0.358594 0.881250 0.079687 0.119531
3 0.388281 0.599219 0.065625 0.109375
3 0.392188 0.788281 0.073438 0.122656
3 0.398438 0.959375 0.060156 0.079687
3 0.417969 0.506250 0.070312 0.111719
3 0.431250 0.689844 0.080469 0.108594
3 0.432812 0.866406 0.077344 0.117188
3 0.446875 0.409375 0.094531 0.115625
3 0.459375 0.600000 0.073438 0.115625
3 0.465625 0.961719 0.064062 0.074219
3 0.471094 0.783594 0.068750 0.120703
3 0.480469 0.321875 0.084375 0.121094
3 0.500000 0.500000 0.065234 0.106641
3 0.501563 0.685156 0.064844 0.121094
3 0.509375 0.882031 0.075781 0.121875
3 0.515625 0.211719 0.082031 0.118750
3 0.527344 0.402344 0.087500 0.118750
3 0.535156 0.581250 0.064062 0.085938
3 0.541406 0.782031 0.069922 0.109375
3 0.547656 0.964844 0.064453 0.068750
3 0.554688 0.113281 0.071875 0.098828
3 0.556250 0.298438 0.070312 0.109375
3 0.548438 0.500781 0.033594 0.075000
3 0.574219 0.032813 0.073438 0.065625
3 0.576562 0.682813 0.077734 0.103516
3 0.581250 0.871875 0.080469 0.106250
3 0.592187 0.208594 0.073438 0.094531
3 0.613281 0.102344 0.076563 0.120703
3 0.617969 0.770312 0.063281 0.121094
3 0.621875 0.950781 0.069141 0.096875
3 0.631250 0.283594 0.071875 0.106250
3 0.648438 0.024219 0.085938 0.047656
3 0.656250 0.687500 0.075781 0.093750
3 0.659375 0.194531 0.080469 0.084375
3 0.658594 0.864062 0.073828 0.131641
3 0.694531 0.087500 0.078125 0.102734
3 0.701562 0.773438 0.065234 0.103516
3 0.710156 0.288281 0.070312 0.104297
3 0.733594 0.675781 0.079687 0.092578
3 0.731250 0.175781 0.074219 0.121094
3 0.732031 0.032813 0.073438 0.065625
3 0.783594 0.097656 0.075781 0.115625
3 0.789844 0.273438 0.088672 0.115625
3 0.807813 0.465625 0.048437 0.122656
3 0.798438 0.580469 0.021875 0.088672
3 0.833594 0.365625 0.076172 0.103516
3 0.860156 0.083594 0.091406 0.121094
3 0.865625 0.272656 0.071875 0.117188
3 0.912500 0.192188 0.088281 0.116406
3 0.953125 0.091406 0.092188 0.121094