0 0.005469 0.883594 0.010937 0.035937
0 0.009375 0.807031 0.018750 0.054688
0 0.021094 0.732812 0.040625 0.052344
0 0.022656 0.787500 0.044531 0.060938
0 0.009375 0.849219 0.014063 0.043750
0 0.038281 0.702344 0.039844 0.040625
0 0.086719 0.902344 0.133594 0.092188
0 0.056250 0.767188 0.036719 0.051562
0 0.053125 0.718750 0.029687 0.017969
0 0.051562 0.680469 0.015625 0.014063
0 0.053906 0.694531 0.017187 0.038281
0 0.061719 0.835156 0.028125 0.031250
0 0.076563 0.689844 0.036719 0.047656
0 0.078125 0.817187 0.032813 0.019531
0 0.092969 0.914062 0.046094 0.060156
0 0.092188 0.845313 0.042187 0.040625
0 0.110156 0.833594 0.035937 0.048438
0 0.107031 0.711719 0.016406 0.034375
0 0.123438 0.757812 0.019531 0.031250
0 0.135937 0.717187 0.025781 0.027344
0 0.140625 0.697656 0.017969 0.036719
0 0.145313 0.742188 0.026562 0.046094
0 0.195312 0.835156 0.108594 0.118750
0 0.151562 0.699219 0.017188 0.032813
0 0.207813 0.932813 0.039844 0.059375
0 0.214844 0.903125 0.033594 0.032813
0 0.234375 0.945312 0.041406 0.057813
0 0.250781 0.916406 0.038281 0.046094
0 0.276562 0.932813 0.045312 0.060937
0 0.292187 0.885156 0.037500 0.047656
0 0.304688 0.857031 0.030469 0.027344
0 0.328906 0.882031 0.032813 0.050781
0 0.328125 0.847656 0.017969 0.013281
0 0.330469 0.843750 0.017188 0.021875
0 0.353125 0.867969 0.028125 0.053125
0 0.457031 0.837500 0.096875 0.078906
0 0.473438 0.767188 0.024219 0.047656
0 0.481250 0.736719 0.030469 0.038281
0 0.487500 0.782031 0.024219 0.028906
0 0.503125 0.755469 0.032813 0.020313
0 0.503906 0.765625 0.026562 0.046875
0 0.515625 0.861719 0.037500 0.042188
0 0.531250 0.845313 0.030469 0.047656
0 0.617188 0.777344 0.086719 0.051562
0 0.610938 0.873437 0.032812 0.043750
0 0.653906 0.894531 0.037500 0.047656
0 0.655469 0.865625 0.021875 0.013281
0 0.688281 0.894531 0.032031 0.043750
0 0.689063 0.767188 0.032812 0.042188
0 0.689844 0.868750 0.034375 0.036719
0 0.692969 0.787500 0.035937 0.050000
0 0.723437 0.776563 0.031250 0.053125
0 0.744531 0.790625 0.034375 0.047656
0 0.803125 0.837500 0.035937 0.050781
0 0.804688 0.810937 0.039844 0.046094
0 0.838281 0.842969 0.039062 0.043750
0 0.840625 0.804688 0.032031 0.032813
0 0.862500 0.831250 0.032031 0.056250
0 0.921875 0.848437 0.020313 0.025000
0 0.956250 0.838281 0.085938 0.115625
0 0.943750 0.874219 0.035937 0.050781
0 0.950000 0.983594 0.036719 0.031250
0 0.953906 0.836719 0.032813 0.024219
0 0.971094 0.811719 0.025781 0.036719
0 0.971875 0.871094 0.028125 0.047656
0 0.985938 0.979688 0.026562 0.038281
0 0.986719 0.857812 0.025781 0.047656
0 0.985156 0.818750 0.020313 0.038281
0 0.987500 0.793750 0.024219 0.018750
0 0.993750 0.917188 0.011719 0.045312
0 0.995313 0.937500 0.007812 0.046094
0 0.996875 0.823438 0.005469 0.032813