2 0.160938 0.811719 0.025000 0.027344
2 0.214062 0.422656 0.121094 0.173437
2 0.164062 0.784375 0.016016 0.012500
2 0.171094 0.847656 0.017188 0.034375
2 0.314844 0.644531 0.304688 0.310547
2 0.217188 0.777344 0.022266 0.026953
2 0.300000 0.382031 0.137500 0.160938
2 0.489063 0.872656 0.075000 0.135547
2 0.482812 0.773438 0.018750 0.023438
2 0.507812 0.788281 0.021484 0.023438
2 0.521875 0.762500 0.013281 0.024219
2 0.566406 0.785937 0.092188 0.071094
2 0.733594 0.632812 0.097656 0.074219
2 0.836719 0.764062 0.226562 0.175000
2 0.862500 0.373437 0.157812 0.104688