3 0.807813 0.650000 0.192969 0.265625
3 0.094531 0.472656 0.125000 0.068750
3 0.097656 0.573438 0.119922 0.155859
3 0.194531 0.560937 0.114062 0.147656
3 0.178906 0.404687 0.081250 0.078906
3 0.206250 0.603906 0.088281 0.154297
3 0.199219 0.418750 0.058203 0.084766
3 0.214062 0.467187 0.065625 0.057813
3 0.271094 0.677344 0.133594 0.202344
3 0.332813 0.473438 0.140234 0.171484
3 0.387500 0.635938 0.154688 0.205469
3 0.400000 0.798438 0.171484 0.178906
3 0.406250 0.518750 0.125000 0.119531
3 0.469531 0.416406 0.099219 0.135156
3 0.504687 0.769531 0.109375 0.156250
3 0.530469 0.435937 0.082422 0.096484
3 0.595313 0.305469 0.136719 0.179688
3 0.645312 0.468750 0.148438 0.203906
3 0.665625 0.720313 0.104688 0.104688
3 0.680469 0.342187 0.086328 0.103125
3 0.707812 0.603125 0.087109 0.094141
3 0.753125 0.839063 0.144531 0.178125
3 0.796875 0.435937 0.149219 0.153516
3 0.797656 0.317188 0.139844 0.142187
3 0.914062 0.863281 0.156250 0.183203
3 0.928906 0.261719 0.125781 0.207031
3 0.918750 0.586719 0.081641 0.130078
3 0.940625 0.465625 0.117969 0.244141
3 0.957812 0.675781 0.082031 0.217188