2 0.025781 0.500781 0.051562 0.107422
2 0.060156 0.355469 0.048438 0.110156
2 0.107813 0.486719 0.078516 0.164062
2 0.133594 0.321094 0.071094 0.067969
2 0.178906 0.494531 0.051953 0.126953
2 0.380469 0.545312 0.135937 0.303125
2 0.542188 0.546875 0.262500 0.216406
2 0.468750 0.303125 0.050781 0.038281
2 0.659375 0.703125 0.060938 0.072656
2 0.826562 0.635156 0.090234 0.139063
2 0.832812 0.498437 0.063281 0.100000
2 0.910937 0.547656 0.084766 0.182813
2 0.985938 0.476562 0.011719 0.014063
2 0.989844 0.489063 0.019922 0.053906
2 0.993750 0.484375 0.010937 0.011719
2 0.994531 0.499219 0.004687 0.009375
2 0.996875 0.512500 0.004687 0.010156