2 0.068750 0.613281 0.137500 0.254688
2 0.153125 0.725781 0.049609 0.063672
2 0.264062 0.163281 0.103516 0.092578
2 0.234375 0.072656 0.015625 0.015625
2 0.251563 0.082812 0.012891 0.022266
2 0.364063 0.430469 0.078906 0.165625
2 0.376563 0.130469 0.012500 0.013672
2 0.425000 0.374219 0.069531 0.153125
2 0.558594 0.412500 0.114062 0.156641
2 0.600000 0.189844 0.069531 0.095312
2 0.632812 0.535156 0.033594 0.101562
2 0.700781 0.038281 0.139063 0.075781
2 0.722656 0.117969 0.023047 0.035937
2 0.746875 0.158594 0.024219 0.038672
2 0.746094 0.127344 0.017188 0.026953
2 0.767969 0.382812 0.019922 0.015625
2 0.790625 0.383594 0.021875 0.030469
2 0.917188 0.627344 0.164062 0.337500
2 0.892188 0.346875 0.035156 0.056641