2 0.056250 0.642969 0.111719 0.321094
2 0.080469 0.717969 0.062500 0.174219
2 0.259375 0.718750 0.074219 0.216406
2 0.349219 0.607031 0.154687 0.284375
2 0.380469 0.832812 0.037500 0.069531
2 0.515625 0.571875 0.185156 0.312500
2 0.733594 0.563281 0.179688 0.318750
2 0.837500 0.440625 0.025781 0.083594
2 0.871875 0.611719 0.085938 0.211719
2 0.897656 0.427344 0.039844 0.049219
2 0.885156 0.426563 0.008594 0.015625
2 0.899219 0.426563 0.006250 0.011719
2 0.902344 0.411719 0.012500 0.017969
2 0.935156 0.708594 0.044531 0.067969
2 0.978125 0.670312 0.041406 0.119531