3 0.225000 0.444531 0.092188 0.103906
3 0.274219 0.414844 0.028125 0.063281
3 0.400781 0.587500 0.087500 0.121094
3 0.435937 0.658594 0.057813 0.043750
3 0.471094 0.603125 0.060937 0.130469
3 0.501563 0.545312 0.057813 0.063281
3 0.503906 0.660156 0.050000 0.075000
3 0.551562 0.397656 0.081250 0.109375
3 0.525781 0.714844 0.020703 0.057422
3 0.570312 0.541406 0.056250 0.109375
3 0.662500 0.557031 0.080469 0.121094
3 0.664062 0.709375 0.036719 0.046094
3 0.726562 0.804688 0.035156 0.085938
3 0.940625 0.785937 0.039844 0.067969
3 0.971875 0.829688 0.032031 0.057031