2 0.109375 0.232031 0.040625 0.071094
2 0.310937 0.573438 0.059375 0.131641
2 0.342187 0.184375 0.037500 0.047266
2 0.489844 0.317969 0.101172 0.167187
2 0.536719 0.581250 0.135937 0.202344
2 0.506250 0.580469 0.068359 0.192188
2 0.573438 0.581250 0.042188 0.201563
2 0.583594 0.457031 0.011328 0.021875
2 0.632812 0.433594 0.052734 0.136328
2 0.660156 0.612500 0.047656 0.140625
2 0.727344 0.543750 0.042188 0.071484
2 0.725000 0.515625 0.010156 0.017969
2 0.730469 0.538281 0.013281 0.020312
2 0.742188 0.524219 0.014844 0.019922
2 0.798438 0.323437 0.058594 0.133984
2 0.791406 0.352344 0.042188 0.066797
2 0.851562 0.150000 0.009375 0.021875
2 0.860938 0.156250 0.010156 0.019531
2 0.868750 0.150000 0.010156 0.014062