3 0.025781 0.134375 0.051562 0.139844
3 0.035937 0.700781 0.071094 0.170313
3 0.058594 0.868750 0.117188 0.185938
3 0.053125 0.332031 0.095312 0.164062
3 0.067969 0.077344 0.120313 0.119531
3 0.109375 0.588281 0.132812 0.178906
3 0.109375 0.217969 0.132031 0.153125
3 0.132812 0.959375 0.147656 0.078906
3 0.142969 0.760938 0.120313 0.166406
3 0.152344 0.361719 0.123438 0.134375
3 0.165625 0.900781 0.089063 0.135937
3 0.179688 0.117969 0.116406 0.150000
3 0.196875 0.257812 0.089063 0.128906
3 0.225000 0.671094 0.130469 0.151563
3 0.248438 0.490625 0.117188 0.160156
3 0.242969 0.405469 0.095312 0.082812
3 0.263281 0.896094 0.132031 0.175781
3 0.278125 0.303125 0.119531 0.160938
3 0.271875 0.057031 0.099219 0.108594
3 0.291406 0.164844 0.117188 0.139844
3 0.331250 0.742188 0.135937 0.160938
3 0.346875 0.567969 0.112500 0.160156
3 0.346094 0.933594 0.092187 0.127344
3 0.357812 0.404687 0.107813 0.146094
3 0.389062 0.093750 0.112500 0.134375
3 0.388281 0.011719 0.101562 0.023438
3 0.390625 0.251563 0.103125 0.149219
3 0.439063 0.886719 0.107812 0.139844
3 0.446875 0.978906 0.108594 0.040625
3 0.456250 0.732812 0.105469 0.158594
3 0.461719 0.349219 0.107813 0.128906
3 0.467187 0.490625 0.114062 0.160156
3 0.457813 0.197656 0.092188 0.112500
3 0.469531 0.076563 0.084375 0.117188
3 0.595313 0.960156 0.089844 0.077344
3 0.617188 0.823438 0.131250 0.185938
3 0.607031 0.328125 0.105469 0.175781
3 0.606250 0.086719 0.096875 0.138281
3 0.622656 0.609375 0.126562 0.150000
3 0.662500 0.221094 0.142969 0.161719
3 0.687500 0.464062 0.128906 0.178125
3 0.689844 0.080469 0.116406 0.160938
3 0.710156 0.722656 0.125000 0.128906
3 0.732812 0.973437 0.168750 0.051562
3 0.700000 0.341406 0.067187 0.061719
3 0.738281 0.887500 0.128125 0.167969
3 0.835156 0.021094 0.282812 0.041406
3 0.738281 0.315625 0.065625 0.071875
3 0.784375 0.614062 0.142969 0.199219
3 0.771094 0.396875 0.077344 0.141406
3 0.816406 0.071094 0.118750 0.141406
3 0.849219 0.460938 0.153906 0.154688
3 0.853125 0.776563 0.146094 0.187500
3 0.867188 0.946875 0.150000 0.101562
3 0.861719 0.314063 0.124219 0.161719
3 0.882812 0.857812 0.128125 0.139844
3 0.900000 0.169531 0.130469 0.189062
3 0.900000 0.604688 0.107813 0.154688
3 0.957812 0.483594 0.083594 0.200781
3 0.953906 0.338281 0.063281 0.124219
3 0.956250 0.727344 0.059375 0.138281
3 0.966406 0.954688 0.065625 0.089063
3 0.969531 0.828125 0.060156 0.135937
3 0.978906 0.610938 0.040625 0.074219
3 0.984375 0.705469 0.029687 0.098437