1 0.948438 0.260937 0.102344 0.037500
1 0.948438 0.280469 0.101562 0.032813
1 0.960156 0.235937 0.078125 0.052734
3 0.103906 0.116406 0.207813 0.232813
3 0.126562 0.325000 0.146094 0.146875
3 0.282031 0.246094 0.239063 0.304688
3 0.307031 0.428125 0.175000 0.110938
3 0.289062 0.068750 0.043359 0.087500
3 0.398438 0.080469 0.193750 0.160938
3 0.482812 0.277344 0.177344 0.273438
3 0.451562 0.431250 0.114844 0.075781
3 0.608594 0.120313 0.201563 0.240625
3 0.645312 0.672656 0.075000 0.068750
3 0.727344 0.716406 0.098047 0.091797
3 0.739844 0.592969 0.114062 0.157812
3 0.790625 0.678906 0.057813 0.118750
3 0.828906 0.639062 0.078906 0.107031
3 0.866406 0.603125 0.094922 0.103516
3 0.903906 0.557031 0.081250 0.119531