3 0.014844 0.903906 0.029687 0.030469
3 0.059375 0.667188 0.027344 0.036719
3 0.100000 0.554688 0.039062 0.040625
3 0.154688 0.705469 0.031250 0.030469
3 0.157812 0.352344 0.034766 0.073047
3 0.193750 0.338281 0.040234 0.076953
3 0.200000 0.262500 0.050000 0.052734
3 0.215625 0.767969 0.019141 0.041797
3 0.252344 0.773438 0.039062 0.031641
3 0.284375 0.542188 0.055469 0.088281
3 0.367969 0.586719 0.059375 0.093750
3 0.389844 0.161719 0.038281 0.066406
3 0.406250 0.219531 0.035156 0.057031
3 0.450000 0.254688 0.050391 0.046875
3 0.464844 0.530469 0.058594 0.057031
3 0.491406 0.977344 0.054297 0.042578
3 0.510938 0.494531 0.046875 0.057031
3 0.550000 0.669531 0.063281 0.053125
3 0.556250 0.541406 0.062500 0.065625
3 0.584375 0.346875 0.031250 0.031250
3 0.596875 0.888281 0.055469 0.072656
3 0.664844 0.969531 0.051562 0.058594
3 0.653125 0.400781 0.019141 0.058203
3 0.710156 0.645312 0.039062 0.078125
3 0.710938 0.803906 0.027344 0.031250
3 0.721875 0.435156 0.024609 0.061328
3 0.737500 0.679688 0.046094 0.050781
3 0.749219 0.614844 0.031250 0.037500
3 0.768750 0.641406 0.031641 0.046875
3 0.939063 0.864844 0.058984 0.046875
3 0.934375 0.916406 0.028125 0.037500
3 0.967187 0.817969 0.031250 0.036719
3 0.985156 0.797656 0.020313 0.057031
3 0.987500 0.877344 0.024219 0.032031