0 0.146094 0.884375 0.261328 0.180469
0 0.117188 0.689063 0.047656 0.030859
0 0.181250 0.777344 0.048438 0.017188
0 0.375781 0.860938 0.059375 0.037891
0 0.403906 0.816406 0.064844 0.040625
0 0.428125 0.322656 0.056641 0.039062
0 0.431250 0.917188 0.051562 0.027344
0 0.423438 0.524219 0.020313 0.022656
0 0.503906 0.274219 0.064062 0.040625
0 0.491406 0.668750 0.032813 0.032812
0 0.493750 0.481250 0.037891 0.025391
0 0.514844 0.337500 0.076563 0.040625
0 0.510156 0.741406 0.046875 0.041406
0 0.533594 0.488281 0.046094 0.032813
0 0.582812 0.878906 0.135938 0.203125
0 0.560156 0.669531 0.059375 0.037500
0 0.601562 0.389062 0.064844 0.033594
0 0.669531 0.096094 0.164062 0.192188
0 0.664062 0.696875 0.061719 0.030469
0 0.725781 0.459375 0.081250 0.052344
0 0.728125 0.715625 0.056250 0.037500
0 0.742188 0.323437 0.064844 0.030859
0 0.763281 0.360938 0.079687 0.052344
0 0.770312 0.654687 0.053125 0.027344
0 0.771875 0.626563 0.050781 0.021094
0 0.785937 0.407031 0.064844 0.034375
0 0.807813 0.378125 0.050781 0.027344
0 0.873437 0.698438 0.069141 0.027734