5 0.136719 0.832812 0.068750 0.135938
5 0.292969 0.658594 0.090625 0.100000
5 0.375000 0.906250 0.148438 0.182812
5 0.411719 0.569531 0.069531 0.077344
5 0.446875 0.519531 0.057031 0.064062
5 0.474219 0.745313 0.098437 0.135937
5 0.528125 0.460156 0.049219 0.051562
5 0.538281 0.664062 0.064844 0.085938
5 0.571094 0.590625 0.070312 0.071094
5 0.569531 0.425781 0.036719 0.035156
5 0.589063 0.400781 0.036719 0.036719
5 0.606250 0.539062 0.044531 0.067187
5 0.625000 0.475781 0.035156 0.054688
5 0.639062 0.395313 0.052344 0.032813
5 0.642188 0.435156 0.035156 0.042188
5 0.672656 0.411719 0.031250 0.044531