3 0.327344 0.626563 0.139063 0.125000
3 0.156250 0.560156 0.059375 0.095312
3 0.271875 0.309375 0.165625 0.103125
3 0.227344 0.621875 0.051562 0.037500
3 0.251563 0.580469 0.037500 0.048437
3 0.310156 0.510156 0.092187 0.092188
3 0.377344 0.314844 0.079688 0.079688
3 0.397656 0.545312 0.073438 0.075000
3 0.456250 0.246875 0.137500 0.075000
3 0.473438 0.171094 0.100000 0.070312
3 0.477344 0.496094 0.076563 0.057813
3 0.489063 0.364063 0.090625 0.075000
3 0.550781 0.423438 0.148438 0.087500
3 0.542969 0.593750 0.067187 0.075000
3 0.580469 0.543750 0.114062 0.068750
3 0.570312 0.039062 0.090625 0.059375
3 0.621094 0.458594 0.104688 0.089063
3 0.614844 0.299219 0.073438 0.123437
3 0.632812 0.114062 0.090625 0.106250
3 0.626563 0.582031 0.075000 0.064062
3 0.694531 0.275000 0.042188 0.084375
3 0.721875 0.101562 0.031250 0.087500
3 0.748437 0.314063 0.075000 0.087500
3 0.746094 0.466406 0.048438 0.126562
3 0.810937 0.277344 0.043750 0.070312