3 0.525781 0.610156 0.089844 0.111719
3 0.020313 0.970313 0.028125 0.054688
3 0.029687 0.917969 0.045312 0.058594
3 0.076563 0.970313 0.037500 0.046094
3 0.077344 0.784375 0.023438 0.044531
3 0.087500 0.749219 0.039062 0.046875
3 0.089063 0.904687 0.041406 0.052344
3 0.128906 0.937500 0.043750 0.071875
3 0.135156 0.742969 0.039062 0.044922
3 0.130469 0.980469 0.023047 0.037500
3 0.142969 0.696875 0.039062 0.058984
3 0.178906 0.961719 0.032813 0.061719
3 0.182812 0.913281 0.035156 0.048438
3 0.182812 0.794531 0.033984 0.044922
3 0.182812 0.753125 0.025781 0.038281
3 0.214062 0.976562 0.033594 0.046094
3 0.217969 0.936719 0.028125 0.073438
3 0.224219 0.775000 0.039062 0.046875
3 0.237500 0.981250 0.028125 0.036719
3 0.250781 0.827344 0.048047 0.061328
3 0.260156 0.903125 0.051562 0.055469
3 0.285938 0.989062 0.039844 0.020313
3 0.287500 0.825781 0.019141 0.054688
3 0.299219 0.946094 0.033594 0.062500
3 0.304688 0.509375 0.039844 0.035937
3 0.304688 0.464844 0.031250 0.046875
3 0.305469 0.539062 0.023438 0.033594
3 0.309375 0.413281 0.024219 0.057422
3 0.338281 0.905469 0.043750 0.063672
3 0.355469 0.430469 0.039844 0.022656
3 0.350781 0.454688 0.023438 0.035937
3 0.395313 0.907031 0.026562 0.025781
3 0.398438 0.972656 0.031250 0.050000
3 0.442188 0.914844 0.033594 0.077344
3 0.448437 0.978125 0.039844 0.042969
3 0.526563 0.946094 0.078906 0.105078