2 0.046875 0.472656 0.093750 0.114062
2 0.181250 0.314063 0.121875 0.253125
2 0.132031 0.520312 0.021875 0.023438
2 0.142187 0.547656 0.025781 0.035156
2 0.159375 0.540625 0.016016 0.028516
2 0.158594 0.511719 0.012500 0.014063
2 0.358594 0.597656 0.192188 0.351562
2 0.575781 0.187500 0.112500 0.229687
2 0.540625 0.026562 0.017969 0.028906
2 0.555469 0.038281 0.019531 0.028906
2 0.559375 0.007812 0.020312 0.015625
2 0.567187 0.022656 0.010156 0.020703
2 0.750781 0.131250 0.014844 0.024219
2 0.753906 0.103906 0.014063 0.021094
2 0.759375 0.078906 0.007031 0.021875
2 0.822656 0.152344 0.042578 0.068750
2 0.908594 0.209375 0.114844 0.233594