3 0.025000 0.411719 0.042969 0.050000
3 0.164844 0.470313 0.064453 0.097656
3 0.168750 0.549219 0.054688 0.051562
3 0.170313 0.944531 0.024219 0.060937
3 0.214062 0.513281 0.056250 0.092578
3 0.246094 0.762500 0.039062 0.071484
3 0.271875 0.939844 0.026563 0.059375
3 0.317969 0.524219 0.023438 0.043750
3 0.359375 0.980469 0.069531 0.037500
3 0.364844 0.462500 0.062500 0.100781
3 0.475000 0.537500 0.057031 0.082031
3 0.506250 0.548438 0.017969 0.053125
3 0.521094 0.987500 0.045313 0.022656
3 0.575781 0.548438 0.043750 0.057031
3 0.685156 0.982812 0.032422 0.031641
3 0.953125 0.992969 0.013281 0.012500