2 0.028125 0.583594 0.049219 0.132422
2 0.103125 0.498437 0.122656 0.996094
2 0.224219 0.499219 0.164062 0.998437
2 0.311719 0.772656 0.068750 0.267578
2 0.339844 0.189062 0.051562 0.378125
2 0.365625 0.817969 0.079688 0.361719
2 0.389062 0.189062 0.049219 0.370312
2 0.429688 0.812500 0.041406 0.370312
2 0.437500 0.190625 0.055859 0.380859
2 0.489063 0.810937 0.122656 0.375781
2 0.489844 0.216406 0.104688 0.432812
2 0.556250 0.185938 0.047266 0.371875
2 0.606250 0.805469 0.116016 0.382422
2 0.616406 0.185938 0.104688 0.371484
2 0.727344 0.499219 0.123438 0.998437
2 0.796875 0.499219 0.093750 0.998437
2 0.891406 0.462500 0.082422 0.921484
2 0.946875 0.499219 0.103125 0.998437