3 0.012500 0.552344 0.024219 0.046875
3 0.071094 0.399219 0.082422 0.083203
3 0.082812 0.945312 0.075391 0.083594
3 0.156250 0.562500 0.065625 0.067187
3 0.199219 0.151562 0.085938 0.103906
3 0.235156 0.522656 0.073047 0.092578
3 0.260937 0.600781 0.058594 0.080078
3 0.342187 0.564063 0.072656 0.112891
3 0.338281 0.487500 0.042188 0.081641
3 0.382812 0.820312 0.066016 0.077734
3 0.412500 0.064062 0.067969 0.071094
3 0.480469 0.125781 0.095312 0.104687
3 0.589063 0.316406 0.072266 0.082812
3 0.589844 0.857812 0.053906 0.081250
3 0.664062 0.530469 0.065625 0.097656
3 0.813281 0.130469 0.076563 0.113281