2 0.044531 0.872656 0.089063 0.253125
2 0.089063 0.180469 0.177734 0.335938
2 0.115625 0.596094 0.231250 0.448437
2 0.499219 0.499219 0.998437 0.998437
2 0.285156 0.879687 0.472656 0.239063
2 0.205469 0.347656 0.292969 0.328125
2 0.371094 0.100000 0.431250 0.200000
2 0.407813 0.622656 0.359766 0.426172
2 0.789844 0.926562 0.392188 0.146094
2 0.700000 0.095312 0.207031 0.190234
2 0.759375 0.351562 0.300391 0.303125
2 0.808594 0.714063 0.373437 0.417969
2 0.903906 0.098437 0.191797 0.196875
2 0.934375 0.339844 0.130859 0.292187