1 0.024219 0.614062 0.047656 0.131250
1 0.032031 0.690625 0.064062 0.106250
1 0.068750 0.682031 0.033984 0.060938
1 0.237500 0.950000 0.275000 0.096875
1 0.274219 0.892969 0.281250 0.089063
1 0.219531 0.970313 0.160156 0.056250
1 0.546875 0.239844 0.793750 0.364063
1 0.312500 0.622656 0.275000 0.132812
1 0.480469 0.977344 0.268750 0.042188
1 0.477344 0.461719 0.162500 0.101562
1 0.439844 0.599219 0.066406 0.048437
1 0.499219 0.598437 0.076953 0.056250
1 0.656250 0.462500 0.237500 0.165625
1 0.580469 0.411719 0.064844 0.070312
1 0.811719 0.618750 0.373047 0.409375
1 0.778125 0.935937 0.127344 0.125000
1 0.834375 0.960156 0.059766 0.076563
1 0.871875 0.935937 0.127734 0.125000