3 0.090625 0.444531 0.040234 0.063672
3 0.102344 0.803906 0.040625 0.059375
3 0.116406 0.447656 0.011719 0.050781
3 0.300781 0.052344 0.035937 0.046875
3 0.433594 0.631250 0.044922 0.065234
3 0.452344 0.735938 0.042188 0.064844
3 0.446875 0.047656 0.018359 0.019922
3 0.463281 0.024219 0.026953 0.048438
3 0.486719 0.023438 0.017188 0.046875
3 0.557813 0.759375 0.035156 0.065234
3 0.587500 0.365625 0.050781 0.069531
3 0.592187 0.411719 0.044141 0.051172
3 0.625000 0.390625 0.033594 0.063281
3 0.653906 0.951562 0.048437 0.070312
3 0.689063 0.785937 0.052344 0.059375
3 0.757812 0.706250 0.037500 0.052344
3 0.832031 0.601562 0.042188 0.059375
3 0.850000 0.783594 0.044141 0.066797
3 0.861719 0.723437 0.045312 0.075781
3 0.900000 0.268750 0.036719 0.062109