3 0.340625 0.620313 0.186719 0.258594
3 0.022656 0.190625 0.045312 0.253125
3 0.071875 0.049219 0.143750 0.098437
3 0.067969 0.897656 0.123438 0.201953
3 0.126562 0.533594 0.177344 0.270703
3 0.132812 0.228906 0.158594 0.257422
3 0.184375 0.778906 0.176563 0.276562
3 0.224219 0.138281 0.182031 0.276562
3 0.229687 0.466406 0.128906 0.225000
3 0.312500 0.331250 0.189062 0.282031
3 0.364063 0.930469 0.178125 0.138281
3 0.354687 0.463281 0.117969 0.092188
3 0.452344 0.210938 0.167187 0.201563
3 0.462500 0.809375 0.164062 0.186719
3 0.431250 0.021094 0.080859 0.042188
3 0.498437 0.432031 0.208984 0.288672
3 0.562500 0.918750 0.196875 0.159766
3 0.557031 0.607031 0.145703 0.185547
3 0.627344 0.736719 0.197656 0.280469
3 0.614062 0.476562 0.037109 0.077344
3 0.685937 0.113281 0.180469 0.211719
3 0.678125 0.532031 0.057813 0.115625
3 0.791406 0.553125 0.176563 0.293750
3 0.771875 0.779687 0.115625 0.216016
3 0.806250 0.971094 0.154688 0.056250
3 0.814844 0.159375 0.169922 0.296484
3 0.867188 0.020313 0.097656 0.040625
3 0.905469 0.364063 0.145703 0.285156
3 0.914844 0.840625 0.164844 0.238281
3 0.909375 0.608594 0.068750 0.214063
3 0.948438 0.107813 0.102344 0.215625
3 0.959375 0.972656 0.075781 0.051953
3 0.971875 0.358594 0.055859 0.285938
3 0.975781 0.621094 0.048047 0.215625