3 0.021875 0.458594 0.020313 0.022656
3 0.038281 0.389062 0.013672 0.027734
3 0.043750 0.328906 0.020313 0.027344
3 0.043750 0.472656 0.017969 0.014453
3 0.060156 0.300000 0.010937 0.019531
3 0.064062 0.492188 0.010156 0.034766
3 0.074219 0.387500 0.017188 0.020312
3 0.085156 0.339844 0.024219 0.039844
3 0.082812 0.460938 0.015234 0.027734
3 0.088281 0.423438 0.018750 0.037500
3 0.089063 0.293750 0.012891 0.032031
3 0.109375 0.445312 0.012891 0.028906
3 0.114062 0.337500 0.015234 0.019531
3 0.117188 0.481250 0.012891 0.032031
3 0.118750 0.387500 0.017188 0.029687
3 0.130469 0.348438 0.020313 0.041406
3 0.134375 0.398438 0.017188 0.032813
3 0.145313 0.367188 0.028125 0.039844
3 0.160156 0.239063 0.017188 0.022656
3 0.167969 0.408594 0.023828 0.032813
3 0.168750 0.256250 0.014844 0.022656
3 0.172656 0.326562 0.022656 0.032813
3 0.181250 0.307812 0.017188 0.029687
3 0.199219 0.250000 0.023047 0.030469
3 0.206250 0.308594 0.007812 0.032813
3 0.211719 0.285156 0.014453 0.029687
3 0.228125 0.210938 0.028125 0.022656
3 0.282031 0.364844 0.013281 0.035156
3 0.324219 0.341406 0.014844 0.017188
3 0.328906 0.395313 0.017188 0.040234
3 0.345313 0.310937 0.026563 0.027344
3 0.358594 0.406250 0.029687 0.027344
3 0.361719 0.368750 0.033203 0.037500
3 0.376563 0.316406 0.035937 0.032813
3 0.378906 0.389844 0.026562 0.025000
3 0.378906 0.422656 0.026562 0.025000
3 0.401562 0.353906 0.045312 0.032813
3 0.406250 0.396094 0.028125 0.027344
3 0.410938 0.448437 0.028906 0.033594
3 0.416406 0.303906 0.033203 0.042188
3 0.428906 0.260156 0.017188 0.020313
3 0.430469 0.367188 0.020313 0.040234
3 0.444531 0.297656 0.023047 0.014453
3 0.457031 0.364844 0.020313 0.029687
3 0.454688 0.439844 0.012891 0.050000
3 0.457813 0.268750 0.018750 0.037500
3 0.471875 0.381250 0.020313 0.032813
3 0.477344 0.406250 0.024219 0.037500
3 0.480469 0.323437 0.018750 0.027344
3 0.489063 0.298438 0.013281 0.032813
3 0.500781 0.202344 0.026563 0.029687
3 0.503125 0.381250 0.025781 0.032031
3 0.496875 0.254688 0.010937 0.029687
3 0.509375 0.314844 0.035937 0.035156
3 0.514062 0.314063 0.028906 0.037500
3 0.520312 0.391406 0.021094 0.026953
3 0.520312 0.285156 0.017187 0.039844
3 0.523438 0.243750 0.022656 0.032813
3 0.539062 0.271094 0.020313 0.042188
3 0.541406 0.348438 0.020313 0.042188
3 0.557031 0.396094 0.033594 0.027344
3 0.570312 0.285156 0.018750 0.039453
3 0.571094 0.356250 0.020312 0.037500
3 0.581250 0.221094 0.041406 0.032813
3 0.585938 0.214062 0.009375 0.027734
3 0.606250 0.195312 0.041016 0.028906
3 0.604688 0.287500 0.028125 0.020312
3 0.607031 0.423438 0.032422 0.047266
3 0.594531 0.316406 0.004297 0.023047
3 0.603906 0.381250 0.018750 0.032031
3 0.615625 0.183594 0.033594 0.032813
3 0.616406 0.258594 0.035937 0.037500
3 0.618750 0.217188 0.026562 0.020313
3 0.621875 0.310156 0.009375 0.025000
3 0.643750 0.285156 0.025781 0.039453
3 0.639844 0.189844 0.014844 0.020313
3 0.914844 0.354687 0.057813 0.089844
3 0.965625 0.279687 0.062109 0.125000
3 0.958594 0.404687 0.045312 0.064844
3 0.967187 0.470313 0.061719 0.100000