3 0.028906 0.982812 0.057813 0.028906
3 0.031250 0.589063 0.062500 0.443359
3 0.051562 0.387500 0.103125 0.303125
3 0.128906 0.133594 0.257812 0.266797
3 0.223438 0.864844 0.425000 0.266406
3 0.283594 0.141406 0.332813 0.282813
3 0.459375 0.522656 0.456250 0.744922
3 0.557813 0.860156 0.316016 0.267578
3 0.514062 0.064844 0.171484 0.129688
3 0.671875 0.369531 0.293750 0.536719
3 0.738281 0.154688 0.276562 0.309375
3 0.727344 0.746875 0.157812 0.400781
3 0.903906 0.682031 0.189844 0.571875
3 0.951562 0.201563 0.093750 0.403125