2 0.050000 0.137500 0.100000 0.275000
2 0.067187 0.400781 0.133594 0.306250
2 0.155469 0.257812 0.146094 0.289062
2 0.249219 0.174219 0.127344 0.246875
2 0.364063 0.094531 0.098437 0.187500
2 0.467969 0.502344 0.233594 0.514844
2 0.461719 0.120313 0.117188 0.236719
2 0.492969 0.804688 0.089063 0.153125
2 0.535156 0.671875 0.110156 0.121875
2 0.533594 0.962500 0.085156 0.072656
2 0.550000 0.082812 0.099219 0.165625
2 0.567187 0.326562 0.111719 0.318750
2 0.581250 0.871875 0.114844 0.192188
2 0.721094 0.378125 0.281250 0.562500
2 0.940625 0.700000 0.116406 0.274219