0 0.091406 0.893750 0.146094 0.182812
0 0.509375 0.499219 0.978125 0.998437
0 0.157812 0.492188 0.165625 0.207031
0 0.200000 0.250000 0.130469 0.162891
0 0.220312 0.676562 0.123438 0.158594
0 0.306250 0.802344 0.121094 0.165625
0 0.314844 0.461719 0.116406 0.153125
0 0.371094 0.105469 0.160938 0.210938
0 0.405469 0.925781 0.116797 0.148047
0 0.413281 0.575781 0.129688 0.173828
0 0.434375 0.396094 0.125781 0.173828
0 0.444531 0.757812 0.126562 0.177734
0 0.536719 0.102344 0.173828 0.204687
0 0.560937 0.895312 0.153125 0.208594
0 0.578906 0.309375 0.167188 0.218359
0 0.552344 0.526563 0.107422 0.146484
0 0.625000 0.689844 0.131641 0.167578
0 0.689844 0.142187 0.123438 0.166406
0 0.716406 0.550781 0.114844 0.158594
0 0.748437 0.841406 0.138281 0.164844
0 0.744531 0.327344 0.128125 0.158203
0 0.848437 0.485156 0.147656 0.170313
0 0.892188 0.671875 0.140625 0.171875
0 0.920312 0.322656 0.157812 0.197656