3 0.004687 0.349219 0.009375 0.028906
3 0.021875 0.482031 0.017969 0.040625
3 0.030469 0.620313 0.026562 0.028906
3 0.039844 0.455469 0.031250 0.034375
3 0.053125 0.653906 0.028125 0.046875
3 0.059375 0.617969 0.025781 0.034375
3 0.064844 0.575781 0.018750 0.028125
3 0.067187 0.860938 0.022656 0.037109
3 0.071875 0.160156 0.025391 0.050000
3 0.074219 0.825781 0.023828 0.032813
3 0.081250 0.192188 0.024609 0.046875
3 0.081250 0.520312 0.024609 0.055859
3 0.084375 0.877344 0.019531 0.043750
3 0.098437 0.162500 0.019531 0.043750
3 0.103125 0.621094 0.025391 0.042188
3 0.107813 0.581250 0.030469 0.038281
3 0.118750 0.436719 0.019531 0.050000
3 0.125781 0.871875 0.020313 0.043750
3 0.135156 0.729688 0.023828 0.028125
3 0.135156 0.397656 0.021875 0.028906
3 0.138281 0.118750 0.018750 0.040625
3 0.141406 0.432031 0.026172 0.029297
3 0.144531 0.586719 0.026562 0.031250
3 0.150000 0.751563 0.019531 0.034375
3 0.153125 0.916406 0.020313 0.028125
3 0.153906 0.875000 0.015625 0.038281
3 0.158594 0.377344 0.021875 0.040625
3 0.160938 0.842187 0.019141 0.033984
3 0.164062 0.531250 0.018750 0.036719
3 0.164062 0.609375 0.017188 0.038281
3 0.184375 0.925781 0.025781 0.034375
3 0.186719 0.735156 0.019922 0.034375
3 0.195312 0.889844 0.025781 0.043750
3 0.211719 0.566406 0.030469 0.047656
3 0.221875 0.852344 0.019531 0.042188
3 0.228906 0.632812 0.026562 0.038281
3 0.237500 0.659375 0.019531 0.037109
3 0.242188 0.563281 0.022266 0.038672
3 0.264062 0.650781 0.035937 0.041406
3 0.275781 0.698438 0.020312 0.023438
3 0.344531 0.853906 0.042188 0.046094
3 0.337500 0.597656 0.019531 0.031250
3 0.340625 0.464844 0.019531 0.040625
3 0.352344 0.707031 0.019922 0.029297
3 0.358594 0.206250 0.032422 0.042969
3 0.359375 0.626563 0.024219 0.040625
3 0.374219 0.142969 0.024219 0.051562
3 0.374219 0.721875 0.021875 0.032031
3 0.371875 0.810156 0.012500 0.034375
3 0.390625 0.716406 0.025391 0.036328
3 0.396875 0.788281 0.021094 0.031250
3 0.397656 0.834375 0.014844 0.027344
3 0.406250 0.767969 0.019531 0.020313
3 0.406250 0.232031 0.018359 0.036328
3 0.431250 0.568750 0.017188 0.042188
3 0.446875 0.228906 0.021484 0.042578
3 0.453125 0.468750 0.028125 0.069531
3 0.484375 0.334375 0.028125 0.031250
3 0.493750 0.825000 0.024219 0.046484
3 0.540625 0.870313 0.025391 0.040625
3 0.542969 0.828906 0.024219 0.031250
3 0.577344 0.241406 0.029688 0.040625
3 0.600781 0.273438 0.029688 0.034375
3 0.603906 0.115625 0.031250 0.034375
3 0.605469 0.312500 0.023438 0.025000
3 0.621875 0.385156 0.025781 0.038672
3 0.641406 0.382812 0.019531 0.033594
3 0.657813 0.709375 0.039844 0.056641
3 0.670312 0.803125 0.030859 0.049219
3 0.695312 0.153906 0.019531 0.050781
3 0.707812 0.933594 0.039844 0.062500
3 0.726562 0.845313 0.022656 0.028125
3 0.735156 0.883594 0.032422 0.045312
3 0.757812 0.528906 0.031250 0.042188
3 0.754687 0.179688 0.022266 0.043750
3 0.754687 0.025781 0.014844 0.051562
3 0.767969 0.295312 0.025781 0.043750
3 0.775781 0.024219 0.019922 0.032813
3 0.782813 0.173437 0.026562 0.034375
3 0.781250 0.502344 0.008984 0.045703
3 0.800000 0.196875 0.030859 0.034375
3 0.821094 0.537500 0.026562 0.056250
3 0.821875 0.764844 0.028125 0.052344
3 0.821875 0.421094 0.020313 0.057813
3 0.827344 0.446094 0.023828 0.034375
3 0.834375 0.727344 0.031250 0.022656
3 0.850781 0.898438 0.045312 0.050000
3 0.868750 0.979688 0.024219 0.039844
3 0.886719 0.727344 0.012500 0.033203
3 0.935156 0.928906 0.023438 0.045703