3 0.029687 0.833594 0.058594 0.148438
3 0.058594 0.914062 0.101562 0.090625
3 0.120313 0.803906 0.087500 0.095312
3 0.160938 0.904687 0.096484 0.121484
3 0.187500 0.821875 0.041016 0.081250
3 0.238281 0.884375 0.064453 0.138281
3 0.395313 0.196875 0.050000 0.058594
3 0.403125 0.065625 0.050000 0.088281
3 0.428906 0.142969 0.034375 0.092188
3 0.447656 0.081250 0.031250 0.046094
5 0.384375 0.808594 0.244141 0.381250
5 0.521094 0.461719 0.260937 0.378906
5 0.620313 0.818750 0.258594 0.361719
5 0.689844 0.613281 0.136719 0.171094