0 0.096094 0.714063 0.192188 0.246094
0 0.096875 0.286719 0.192969 0.282813
0 0.081250 0.498437 0.135156 0.157812
0 0.092969 0.915625 0.155469 0.166406
0 0.092188 0.081250 0.149219 0.162500
0 0.206250 0.438281 0.217969 0.277344
0 0.217969 0.862500 0.215625 0.271875
0 0.225000 0.080469 0.153125 0.160938
0 0.231250 0.128906 0.157812 0.075781
0 0.257812 0.345313 0.132812 0.189062
0 0.255469 0.731250 0.125000 0.146875
0 0.303125 0.013281 0.039062 0.025781
0 0.404687 0.044531 0.167188 0.088281
0 0.421094 0.716406 0.192969 0.264062
0 0.422656 0.191406 0.180469 0.232031
0 0.428125 0.435937 0.191406 0.238281
0 0.409375 0.927344 0.097656 0.142969
0 0.450000 0.350000 0.143750 0.131250
0 0.545312 0.908594 0.226562 0.179688
0 0.562500 0.075000 0.177344 0.150000
0 0.580469 0.275781 0.186719 0.218750
0 0.578906 0.463281 0.152344 0.156250
0 0.608594 0.692969 0.192187 0.265625
0 0.592187 0.827344 0.152344 0.115625
0 0.744531 0.075781 0.163281 0.111719
0 0.735938 0.015625 0.144531 0.031250
0 0.774219 0.241406 0.208594 0.264062
0 0.800000 0.656250 0.206250 0.283594
0 0.769531 0.370312 0.136719 0.064062
0 0.767969 0.456250 0.132031 0.178125
0 0.807031 0.895312 0.184375 0.207031
0 0.816406 0.021875 0.042188 0.043750
0 0.892188 0.071094 0.167187 0.142187
0 0.910937 0.462500 0.176563 0.247656
0 0.912500 0.267969 0.146875 0.224219
0 0.931250 0.755469 0.134375 0.239844
0 0.948438 0.891406 0.101562 0.214844