3 0.018750 0.014844 0.037500 0.029687
3 0.110156 0.153906 0.076563 0.063281
3 0.122656 0.796875 0.066406 0.057813
3 0.158594 0.857031 0.086328 0.092188
3 0.198437 0.528125 0.034375 0.028906
3 0.214062 0.882031 0.064844 0.060156
3 0.222656 0.575000 0.041406 0.051562
3 0.260937 0.539062 0.077344 0.071484
3 0.396875 0.082031 0.071875 0.063672
3 0.450000 0.592187 0.057813 0.057813
3 0.660937 0.839063 0.056250 0.056250
3 0.859375 0.018750 0.044141 0.037109
3 0.889062 0.412500 0.056250 0.054688
3 0.925781 0.489844 0.056250 0.054688
3 0.941406 0.385937 0.064062 0.068359