3 0.058594 0.385156 0.117188 0.150781
3 0.068750 0.795312 0.137109 0.321094
3 0.164844 0.564063 0.160938 0.391406
3 0.184375 0.221875 0.169141 0.274609
3 0.172656 0.803906 0.107813 0.228125
3 0.213281 0.385937 0.150000 0.235156
3 0.266406 0.661719 0.087500 0.348438
3 0.298438 0.939063 0.130469 0.119531
3 0.342187 0.444531 0.180469 0.397656
3 0.314063 0.842187 0.121875 0.146094
3 0.356250 0.742969 0.167969 0.221875
3 0.337500 0.721094 0.115625 0.136328
3 0.385156 0.147656 0.126172 0.270703
3 0.415625 0.917188 0.142187 0.162500
3 0.411719 0.709375 0.073438 0.137109
3 0.486719 0.252344 0.154688 0.379688
3 0.495312 0.604688 0.159766 0.352344
3 0.494531 0.824219 0.100000 0.145703
3 0.569531 0.966406 0.135938 0.064062
3 0.594531 0.885156 0.167969 0.226562
3 0.585938 0.546875 0.126562 0.375781
3 0.664062 0.305469 0.168359 0.376172
3 0.675781 0.761719 0.139453 0.223438
3 0.735938 0.555469 0.164844 0.287500
3 0.701562 0.935937 0.046094 0.125000
3 0.779687 0.944531 0.116016 0.107422
3 0.804688 0.830469 0.166016 0.285938
3 0.862500 0.631250 0.132812 0.201563
3 0.879687 0.979688 0.106250 0.037500
3 0.879687 0.918750 0.100000 0.072266
3 0.868750 0.900781 0.069141 0.055078
3 0.933594 0.757812 0.131250 0.320312