3 0.050000 0.867969 0.050000 0.101562
3 0.124219 0.377344 0.138672 0.126563
3 0.197656 0.575781 0.133594 0.138281
3 0.221094 0.262500 0.078125 0.058984
3 0.329688 0.671094 0.125000 0.098437
3 0.347656 0.941406 0.118750 0.060156
3 0.416406 0.628125 0.086719 0.086719
3 0.431250 0.266406 0.101562 0.104688
3 0.438281 0.504687 0.104688 0.083984
3 0.455469 0.813281 0.038281 0.039844
3 0.510938 0.287500 0.068359 0.096875
3 0.570312 0.463281 0.108594 0.110156
3 0.569531 0.872656 0.031250 0.038672
3 0.571875 0.904687 0.029688 0.036719
3 0.610156 0.617188 0.104688 0.103125
3 0.644531 0.827344 0.028125 0.023438
3 0.650781 0.853906 0.026562 0.023438
3 0.671875 0.829688 0.023438 0.021875
3 0.667188 0.924219 0.008984 0.011328
3 0.712500 0.710156 0.035156 0.033594
3 0.768750 0.616406 0.056250 0.039844
3 0.807031 0.425000 0.105078 0.094531
3 0.809375 0.585156 0.043359 0.056250
3 0.820312 0.622656 0.061719 0.067969
3 0.894531 0.551562 0.110156 0.104688
3 0.866406 0.828125 0.033594 0.031250
3 0.950000 0.378125 0.031250 0.083594