3 0.075000 0.241406 0.150000 0.279297
3 0.089844 0.093750 0.179688 0.184375
3 0.149219 0.781250 0.298438 0.371875
3 0.172656 0.438281 0.342187 0.314063
3 0.210938 0.193750 0.131250 0.174609
3 0.285156 0.062500 0.262500 0.124219
3 0.293750 0.932813 0.205469 0.133594
3 0.303125 0.676562 0.121484 0.102344
3 0.466406 0.808594 0.338281 0.374219
3 0.526563 0.075781 0.178125 0.148438
3 0.691406 0.867969 0.261719 0.260938
3 0.721875 0.252344 0.321875 0.283203
3 0.708594 0.046094 0.248438 0.092188
3 0.821875 0.597656 0.278516 0.341797
3 0.910156 0.123438 0.176563 0.246875
3 0.889062 0.936719 0.123438 0.107813
3 0.948438 0.348438 0.102344 0.196484
3 0.958594 0.874219 0.077344 0.201563
3 0.971875 0.682813 0.055859 0.246094