3 0.079687 0.657813 0.135937 0.230469
3 0.158594 0.452344 0.151562 0.208594
3 0.190625 0.271875 0.153906 0.206250
3 0.206250 0.734375 0.160938 0.219531
3 0.190625 0.608594 0.068750 0.075000
3 0.282031 0.510156 0.104688 0.196094
3 0.292969 0.106250 0.125781 0.190625
3 0.341406 0.844531 0.162500 0.127344
3 0.307031 0.289062 0.069531 0.128906
3 0.328125 0.678906 0.064062 0.200000
3 0.372656 0.200000 0.107812 0.168750
3 0.375781 0.340625 0.082812 0.092188
3 0.400000 0.467969 0.110937 0.185156
3 0.440625 0.658594 0.176563 0.298438
3 0.450781 0.898438 0.074219 0.060937
3 0.528125 0.304688 0.164844 0.236719
3 0.555469 0.783594 0.200000 0.248438
3 0.566406 0.465625 0.134375 0.223438
3 0.589063 0.932813 0.179688 0.133594
3 0.643750 0.564063 0.202344 0.285938
3 0.639844 0.097656 0.160937 0.195312
3 0.735156 0.802344 0.210156 0.311719
3 0.729688 0.300781 0.185938 0.232813
3 0.783594 0.464062 0.124219 0.167187
3 0.810156 0.625781 0.121875 0.144531
3 0.818750 0.964063 0.123438 0.067187
3 0.885938 0.237500 0.139063 0.197656
3 0.924219 0.746094 0.150000 0.276562
3 0.925000 0.416406 0.136719 0.228906
3 0.937500 0.560937 0.107813 0.071094
3 0.943750 0.886719 0.107813 0.211719
3 0.977344 0.219531 0.043750 0.161719