3 0.410938 0.977344 0.058984 0.037500
3 0.452344 0.977344 0.053125 0.037500
3 0.509375 0.877344 0.078125 0.095703
3 0.508594 0.796094 0.069922 0.100000
3 0.503125 0.972656 0.041406 0.046094
3 0.553125 0.658594 0.075000 0.075000
3 0.547656 0.739844 0.053125 0.079297
3 0.560156 0.952344 0.072656 0.087500
3 0.599219 0.828906 0.083203 0.108203
3 0.603125 0.446094 0.058984 0.083203
3 0.631250 0.708594 0.063281 0.083203
3 0.635156 0.891406 0.073047 0.091797
3 0.637500 0.962500 0.061719 0.066016
3 0.649219 0.558594 0.050000 0.083594
3 0.661719 0.283594 0.058203 0.108203
3 0.669531 0.833594 0.058203 0.125000
3 0.686719 0.400000 0.069922 0.091016
3 0.696094 0.325000 0.055078 0.041016
3 0.697656 0.189844 0.053125 0.095703
3 0.711719 0.506250 0.075000 0.071484
3 0.722656 0.575000 0.086719 0.100000
3 0.717187 0.922656 0.058984 0.095703
3 0.731250 0.966406 0.064062 0.058594
3 0.738281 0.643750 0.072656 0.087500
3 0.743750 0.410156 0.067187 0.087500
3 0.763281 0.137500 0.050000 0.041016
3 0.767188 0.197656 0.053125 0.071094
3 0.775781 0.714844 0.069922 0.087500
3 0.777344 0.303906 0.067187 0.075000
3 0.779687 0.252344 0.060156 0.087500
3 0.789844 0.360156 0.047656 0.062500
3 0.796875 0.585156 0.061719 0.104297
3 0.796875 0.981250 0.044531 0.028906
3 0.807813 0.478906 0.060937 0.075000
3 0.813281 0.100000 0.060938 0.058984
3 0.816406 0.412500 0.067187 0.066016
3 0.830469 0.153906 0.067187 0.050000
3 0.821875 0.937500 0.028125 0.058594
3 0.846875 0.739844 0.078125 0.112500
3 0.842969 0.521094 0.053125 0.075000
3 0.846875 0.258594 0.061719 0.058203
3 0.856250 0.060156 0.058984 0.062500
3 0.856250 0.308594 0.058984 0.050000
3 0.871875 0.616406 0.083594 0.141406
3 0.866406 0.353906 0.060937 0.075000
3 0.877344 0.110156 0.067187 0.087500
3 0.882812 0.425000 0.066406 0.075000
3 0.903906 0.218750 0.064062 0.078906
3 0.902344 0.143750 0.050000 0.046484
3 0.907813 0.485156 0.060937 0.096094
3 0.912500 0.016406 0.056250 0.032813
3 0.930469 0.064844 0.050000 0.095703
3 0.945312 0.322656 0.069141 0.095703
3 0.960938 0.177344 0.050000 0.095703
3 0.977344 0.072656 0.039062 0.087500