1 0.113281 0.672656 0.189062 0.135547
1 0.118750 0.921875 0.197656 0.132812
1 0.118750 0.168750 0.196875 0.134375
1 0.121094 0.419531 0.192188 0.134375
1 0.371094 0.418750 0.196875 0.131641
1 0.369531 0.170313 0.192188 0.132812
1 0.370312 0.922656 0.191406 0.134375
1 0.372656 0.672656 0.194531 0.130469
1 0.621875 0.420312 0.192969 0.132031
1 0.622656 0.167969 0.192188 0.135937
1 0.622656 0.925781 0.192188 0.129297
1 0.622656 0.672656 0.192578 0.137500
1 0.869531 0.421094 0.196875 0.137500
1 0.873437 0.925781 0.196484 0.132422
1 0.873437 0.670312 0.191406 0.134375
1 0.873437 0.167187 0.191406 0.133594