3 0.053125 0.399219 0.106250 0.110937
3 0.060937 0.821094 0.121875 0.235937
3 0.085938 0.286719 0.145313 0.123437
3 0.081250 0.189062 0.082031 0.071875
3 0.184375 0.682031 0.235937 0.223438
3 0.200781 0.922656 0.170313 0.142187
3 0.182031 0.145313 0.092188 0.107813
3 0.308594 0.313281 0.270313 0.247656
3 0.296094 0.170313 0.151562 0.113281
3 0.328125 0.092188 0.158594 0.092188
3 0.395313 0.771875 0.251563 0.253125
3 0.404687 0.557031 0.195312 0.189062
3 0.435156 0.402344 0.102344 0.126562
3 0.417969 0.042188 0.051562 0.082031
3 0.457031 0.139063 0.109375 0.110937
3 0.539844 0.912500 0.260938 0.173437
3 0.565625 0.479687 0.240625 0.232813
3 0.626563 0.720313 0.254688 0.254688
3 0.565625 0.023438 0.086719 0.026562
3 0.621094 0.133594 0.171094 0.151562
3 0.639062 0.022656 0.053125 0.045312
3 0.719531 0.041406 0.117969 0.082812
3 0.792969 0.896875 0.264844 0.205469
3 0.762500 0.103906 0.135156 0.133594
3 0.817969 0.529687 0.215625 0.220312
3 0.833594 0.721875 0.172656 0.179688
3 0.853125 0.207813 0.128125 0.129688
3 0.896875 0.132812 0.117969 0.113281
3 0.940625 0.368750 0.117969 0.174219
3 0.942969 0.865625 0.113281 0.235937
3 0.954688 0.658594 0.089063 0.191406
3 0.953906 0.500781 0.056250 0.067187