3 0.097656 0.675781 0.075000 0.076563
3 0.096875 0.977344 0.060156 0.042188
3 0.285938 0.575000 0.196094 0.176562
3 0.235156 0.984375 0.051953 0.028125
3 0.436719 0.599219 0.158594 0.167969
3 0.418750 0.878125 0.053906 0.053906
3 0.436719 0.993750 0.040625 0.010156
3 0.443750 0.934375 0.053516 0.058984
3 0.463281 0.967187 0.057031 0.022656
3 0.573438 0.661719 0.163281 0.127344
3 0.792969 0.655469 0.079687 0.110937
3 0.860938 0.664844 0.104688 0.121094
3 0.885938 0.934375 0.101562 0.114062
3 0.957031 0.922656 0.083594 0.115625