0 0.174219 0.892188 0.017188 0.046875
0 0.187500 0.944531 0.025391 0.021875
0 0.202344 0.898438 0.032031 0.048438
0 0.382031 0.677344 0.037500 0.061719
0 0.380469 0.946094 0.026172 0.041797
0 0.429688 0.605469 0.017188 0.032813
0 0.447656 0.487500 0.032422 0.062891
0 0.537500 0.589844 0.176563 0.203125
0 0.585156 0.787500 0.183203 0.233984
0 0.509375 0.499219 0.022656 0.064844
0 0.650781 0.950781 0.038672 0.056250
0 0.654687 0.188281 0.032812 0.045312
0 0.664062 0.414062 0.023438 0.038281
0 0.729688 0.594531 0.150000 0.098828
0 0.701562 0.417187 0.038281 0.046875
0 0.779687 0.261719 0.155859 0.254297
0 0.853125 0.476562 0.175781 0.099609
0 0.846875 0.707031 0.023438 0.046875
0 0.864062 0.708594 0.022266 0.036328
0 0.880469 0.210938 0.039062 0.043750