3 0.020313 0.214844 0.039844 0.046875
3 0.046875 0.425781 0.021875 0.022656
3 0.060937 0.899219 0.013281 0.010937
3 0.076563 0.893750 0.004688 0.015625
3 0.084375 0.748437 0.013281 0.025781
3 0.085938 0.270313 0.017188 0.011719
3 0.093750 0.200781 0.016406 0.027344
3 0.118750 0.212500 0.011719 0.010156
3 0.142187 0.660937 0.025781 0.025781
3 0.138281 0.989062 0.013281 0.010156
3 0.234375 0.960156 0.015625 0.007031
3 0.345313 0.963281 0.029687 0.032031
3 0.355469 0.890625 0.013281 0.010156
3 0.386719 0.945312 0.017969 0.027344
3 0.610156 0.857031 0.011719 0.013281
3 0.779687 0.885156 0.021875 0.021875