2 0.043750 0.943750 0.087500 0.103125
2 0.128125 0.592187 0.249219 0.333984
2 0.089063 0.660156 0.148438 0.465625
2 0.127344 0.978125 0.112500 0.042188
2 0.135156 0.846875 0.078125 0.252344
2 0.198437 0.489844 0.137891 0.341797
2 0.227344 0.771094 0.166406 0.300781
2 0.240625 0.188281 0.187500 0.376563
2 0.250781 0.586719 0.114453 0.109375
2 0.340625 0.360938 0.142187 0.325781
2 0.323437 0.882812 0.053125 0.047656
2 0.421094 0.517969 0.189062 0.357422
2 0.507812 0.147656 0.141406 0.293750
2 0.498437 0.839844 0.115234 0.317578
2 0.571875 0.383594 0.137500 0.382422
2 0.564063 0.927344 0.092969 0.135937
2 0.646094 0.692969 0.210938 0.501953
2 0.788281 0.793750 0.175000 0.409375
2 0.781250 0.410938 0.125781 0.421094
2 0.905469 0.308594 0.187500 0.470313
2 0.914844 0.712500 0.151562 0.502344
2 0.974219 0.682813 0.050000 0.241016