3 0.382812 0.344531 0.091406 0.108594
3 0.042969 0.685156 0.085938 0.228125
3 0.089063 0.880469 0.162500 0.236328
3 0.165625 0.676562 0.161719 0.293359
3 0.235937 0.890625 0.146484 0.216016
3 0.320312 0.679688 0.160156 0.246875
3 0.392969 0.899219 0.139844 0.200000
3 0.457031 0.692969 0.126562 0.251953
3 0.541406 0.891406 0.148438 0.214063
3 0.606250 0.682031 0.150781 0.239844
3 0.686719 0.874219 0.126562 0.250000
3 0.735938 0.653125 0.108594 0.231641
3 0.803906 0.878125 0.132031 0.232031
3 0.860156 0.662500 0.141406 0.239063
3 0.932813 0.870313 0.102734 0.253125
3 0.964844 0.660937 0.068750 0.228906