0 0.004687 0.407813 0.008984 0.030859
0 0.010937 0.482031 0.021875 0.029687
0 0.014063 0.216406 0.026562 0.039062
0 0.035937 0.963281 0.061719 0.070312
0 0.135937 0.596875 0.122656 0.175781
0 0.142187 0.855469 0.127344 0.177344
0 0.235937 0.742969 0.121484 0.189453
0 0.243750 0.560156 0.137109 0.187500
0 0.221875 0.859375 0.041016 0.088281
0 0.284375 0.342187 0.121484 0.143359
0 0.389062 0.405469 0.108594 0.168750
0 0.552344 0.353125 0.090625 0.156641
0 0.588281 0.839063 0.102344 0.233594
0 0.600000 0.423438 0.040625 0.050391
0 0.644531 0.360156 0.104688 0.160938
0 0.651563 0.564844 0.031250 0.053906
0 0.703125 0.346094 0.067969 0.128125
0 0.740625 0.235937 0.107031 0.170313
0 0.736719 0.878906 0.026953 0.039453
0 0.739062 0.914844 0.012500 0.026953
0 0.741406 0.796094 0.014063 0.014063
0 0.742188 0.689063 0.015234 0.034375
0 0.764844 0.986719 0.035937 0.023438
0 0.758594 0.875000 0.012500 0.049219
0 0.764062 0.767969 0.021875 0.035156
0 0.810937 0.458594 0.090234 0.089063
0 0.844531 0.228906 0.117578 0.178125
0 0.832031 0.878125 0.031250 0.030469
0 0.846094 0.647656 0.031250 0.051172
0 0.867969 0.967187 0.031250 0.053516
0 0.954688 0.299219 0.090234 0.176172