3 0.374219 0.745313 0.029687 0.043750
3 0.381250 0.403125 0.024219 0.040625
3 0.399219 0.378906 0.018750 0.038672
3 0.421875 0.416406 0.025391 0.032813
3 0.448437 0.432031 0.018750 0.029297
3 0.464062 0.833594 0.028125 0.029297
3 0.460938 0.917188 0.019141 0.058594
3 0.475781 0.346875 0.010547 0.034375
3 0.489063 0.439844 0.021875 0.043750
3 0.532813 0.750781 0.096484 0.171875
3 0.506250 0.334375 0.032031 0.046484
3 0.520312 0.473438 0.014844 0.023438
3 0.540625 0.442188 0.034375 0.038281
3 0.541406 0.507812 0.026562 0.034375
3 0.564063 0.195312 0.040625 0.064062
3 0.686719 0.710938 0.095312 0.135156
3 0.734375 0.216406 0.094141 0.143750
3 0.715625 0.578125 0.029688 0.056250
3 0.726562 0.540625 0.022656 0.031250
3 0.759375 0.482031 0.030859 0.040625
3 0.762500 0.447656 0.024609 0.031250
3 0.837500 0.625000 0.025391 0.034375
3 0.857812 0.233594 0.028906 0.051953
3 0.857812 0.459375 0.021094 0.042969
3 0.925781 0.903906 0.134375 0.169922
3 0.885156 0.586719 0.037500 0.038672
3 0.902344 0.606250 0.020313 0.037109
3 0.920312 0.228906 0.030469 0.054688
3 0.982812 0.800781 0.028125 0.121094
3 0.993750 0.435937 0.011719 0.062500