2 0.057813 0.855469 0.058594 0.135156
2 0.155469 0.894531 0.064062 0.182422
2 0.191406 0.593750 0.046094 0.079687
2 0.215625 0.375781 0.041406 0.050000
2 0.275781 0.167969 0.048438 0.089063
2 0.350781 0.702344 0.116406 0.130469
2 0.370312 0.077344 0.040625 0.044922
2 0.420312 0.718750 0.031250 0.061719
2 0.460938 0.125781 0.052344 0.121875
2 0.503906 0.381250 0.039062 0.095313
2 0.560937 0.860938 0.075781 0.097656
2 0.556250 0.155469 0.021875 0.042187
2 0.567969 0.975000 0.028125 0.049219
2 0.647656 0.650781 0.070312 0.053125
2 0.642188 0.104688 0.046094 0.099609
2 0.642969 0.335156 0.045703 0.098828
2 0.671875 0.973437 0.024219 0.052344
2 0.691406 0.149219 0.051953 0.142187
2 0.699219 0.523438 0.034375 0.053125
2 0.762500 0.420312 0.065625 0.074609
2 0.793750 0.077344 0.024219 0.055469
2 0.839063 0.093750 0.050000 0.119141
2 0.842969 0.903125 0.044922 0.105859