3 0.146875 0.428125 0.034375 0.032031
3 0.145313 0.399219 0.021875 0.036328
3 0.170313 0.512500 0.020313 0.040625
3 0.175000 0.371875 0.024219 0.040625
3 0.179688 0.789844 0.017188 0.023438
3 0.184375 0.756250 0.019531 0.032812
3 0.194531 0.310156 0.031250 0.038281
3 0.195312 0.662500 0.021875 0.028906
3 0.219531 0.629687 0.018750 0.043750
3 0.223438 0.517188 0.026562 0.031250
3 0.228125 0.474219 0.034375 0.043750
3 0.229687 0.442969 0.024219 0.028906
3 0.240625 0.671875 0.030469 0.028516
3 0.247656 0.318750 0.026562 0.025000
3 0.260156 0.507812 0.032422 0.034375
3 0.289062 0.708594 0.032813 0.051562
3 0.290625 0.541406 0.024609 0.040625
3 0.299219 0.491406 0.032422 0.048047
3 0.295312 0.676562 0.021094 0.034375
3 0.328125 0.529687 0.028125 0.028906
3 0.332031 0.684375 0.026562 0.061719
3 0.335938 0.472656 0.027344 0.040625
3 0.368750 0.413281 0.030469 0.050000
3 0.373437 0.639844 0.035937 0.046094
3 0.376563 0.555469 0.014844 0.034375
3 0.397656 0.425781 0.026953 0.031250
3 0.406250 0.437500 0.038281 0.028516
3 0.400000 0.567969 0.010937 0.040625
3 0.420312 0.541406 0.010156 0.028906
3 0.440625 0.671094 0.029687 0.057031
3 0.487500 0.695312 0.013281 0.040625
3 0.504687 0.670312 0.018359 0.033594
3 0.524219 0.657813 0.026563 0.046094
3 0.535937 0.693750 0.027344 0.022266
3 0.550781 0.656250 0.026562 0.042969
3 0.560156 0.592187 0.021875 0.031250
3 0.560156 0.617969 0.014063 0.020312
3 0.604688 0.637500 0.028125 0.046484