3 0.063281 0.200000 0.126562 0.400000
3 0.094531 0.625781 0.189062 0.432031
3 0.210156 0.041406 0.248438 0.082812
3 0.256250 0.289844 0.279687 0.428125
3 0.329688 0.914844 0.379688 0.168750
3 0.351562 0.628906 0.314844 0.369531
3 0.539062 0.363281 0.345313 0.492188
3 0.563281 0.090625 0.334375 0.181250
3 0.660156 0.806250 0.335938 0.385156
3 0.812500 0.358594 0.282813 0.505469
3 0.860156 0.739062 0.197656 0.332813
3 0.896094 0.127344 0.206250 0.253906
3 0.932031 0.906250 0.134375 0.185938
3 0.963281 0.578125 0.072656 0.486719