3 0.070312 0.730469 0.140625 0.226172
3 0.248438 0.786719 0.162500 0.246094
3 0.338281 0.633594 0.153906 0.239844
3 0.439063 0.632031 0.113281 0.225000
3 0.480469 0.869531 0.104297 0.201953
3 0.619531 0.962500 0.026172 0.028125
3 0.691406 0.782813 0.030078 0.052344
3 0.746875 0.663281 0.028125 0.040625
3 0.747656 0.697656 0.015625 0.042188
3 0.800781 0.567187 0.019531 0.035156
3 0.845313 0.641406 0.023438 0.025781
3 0.854688 0.613281 0.018750 0.024219
3 0.875000 0.518750 0.021875 0.018359
3 0.873437 0.598437 0.012891 0.019141
3 0.882812 0.550000 0.008984 0.024219