3 0.120313 0.239063 0.028906 0.056250
3 0.122656 0.114844 0.034375 0.037500
3 0.202344 0.276562 0.042969 0.053125
3 0.250781 0.104688 0.037500 0.034375
3 0.260156 0.339062 0.035937 0.051562
3 0.284375 0.129688 0.046875 0.037500
3 0.282813 0.085156 0.037500 0.045703
3 0.298438 0.329688 0.046875 0.046875
3 0.312500 0.066406 0.046875 0.041797
3 0.335156 0.021094 0.039062 0.035937
3 0.493750 0.207031 0.067187 0.048438
3 0.489844 0.612500 0.037500 0.056250
3 0.517969 0.574219 0.046875 0.053125
3 0.598437 0.742969 0.032812 0.061719
3 0.659375 0.866406 0.031250 0.030469
3 0.685156 0.469531 0.045313 0.048438
3 0.698438 0.429688 0.046875 0.040625
3 0.732812 0.307031 0.046094 0.053125
3 0.834375 0.907813 0.035937 0.051562
3 0.945312 0.947656 0.046484 0.045703
3 0.942969 0.805469 0.039062 0.049219