3 0.324219 0.382031 0.015625 0.056250
3 0.366406 0.496875 0.038672 0.047266
3 0.462500 0.525000 0.021875 0.046484
3 0.483594 0.441406 0.028125 0.028906
3 0.492188 0.565625 0.022656 0.046875
3 0.498437 0.488281 0.033594 0.050781
3 0.498437 0.334375 0.025000 0.052734
3 0.506250 0.543750 0.025391 0.032031
3 0.517969 0.281250 0.041797 0.050000
3 0.532031 0.350000 0.030078 0.042969
3 0.601562 0.211719 0.046875 0.060937
3 0.723437 0.779687 0.022266 0.059766
3 0.750781 0.800781 0.032031 0.072656
3 0.765625 0.477344 0.015625 0.053906
3 0.809375 0.467969 0.037891 0.048047
3 0.818750 0.552344 0.045313 0.054688
3 0.862500 0.557813 0.024219 0.050000
3 0.921875 0.525781 0.027734 0.060547
3 0.936719 0.350000 0.031250 0.062109