3 0.278125 0.290625 0.015625 0.043359
3 0.330469 0.253906 0.010938 0.030469
3 0.336719 0.342187 0.007812 0.029687
3 0.377344 0.233594 0.019531 0.022656
3 0.400000 0.267188 0.012500 0.025781
3 0.425000 0.259375 0.015625 0.041406
3 0.443750 0.365625 0.031250 0.024609
3 0.446875 0.159375 0.019531 0.034766
3 0.450781 0.349219 0.019531 0.025781
3 0.466406 0.405469 0.011328 0.040625
3 0.487500 0.167187 0.013281 0.041016
3 0.520312 0.468750 0.021094 0.027734
3 0.517969 0.078125 0.014063 0.030859
3 0.543750 0.171875 0.012891 0.032031
3 0.554688 0.438281 0.010937 0.017188
3 0.557031 0.232813 0.016797 0.030859
3 0.558594 0.301563 0.019922 0.028516
3 0.560156 0.460938 0.015625 0.028906
3 0.572656 0.347656 0.023438 0.039844
3 0.573438 0.190625 0.019531 0.036719
3 0.573438 0.121875 0.010156 0.036719
3 0.588281 0.239063 0.030078 0.040234
3 0.595313 0.057813 0.006250 0.032031
3 0.603125 0.094531 0.009375 0.019922
3 0.630469 0.229687 0.029688 0.030859
3 0.632812 0.328906 0.012500 0.035937
3 0.632812 0.299219 0.010156 0.015625
3 0.637500 0.650781 0.015625 0.046875
3 0.650000 0.328906 0.015625 0.035937
3 0.653125 0.097656 0.015234 0.035937
3 0.655469 0.296094 0.001953 0.019922
3 0.680469 0.223438 0.030078 0.022266
3 0.687500 0.174219 0.012109 0.034375
3 0.715625 0.306250 0.008594 0.022656
3 0.721875 0.672656 0.019141 0.041797
3 0.749219 0.625000 0.019531 0.046875
3 0.748437 0.785937 0.009766 0.021484
3 0.776563 0.693750 0.023438 0.027344
3 0.771094 0.269531 0.010937 0.030469
3 0.775000 0.303906 0.015625 0.017188
3 0.781250 0.510156 0.014063 0.037500
3 0.785156 0.755469 0.017188 0.039453
3 0.829688 0.060937 0.012500 0.046094
3 0.839844 0.269531 0.009375 0.020703
3 0.843750 0.130469 0.015625 0.022656
3 0.850000 0.229687 0.019531 0.040625
3 0.849219 0.310937 0.012500 0.033594
3 0.857031 0.153906 0.010937 0.017188
3 0.868750 0.618750 0.028906 0.024219
3 0.862500 0.448437 0.013281 0.027734
3 0.871094 0.315625 0.014063 0.031641
3 0.872656 0.077344 0.013672 0.026172
3 0.872656 0.503125 0.013281 0.028906
3 0.877344 0.232031 0.019922 0.026172
3 0.884375 0.440625 0.017969 0.028906
3 0.888281 0.351562 0.012500 0.025781
3 0.890625 0.545312 0.014063 0.025781
3 0.895312 0.248438 0.019141 0.030859
3 0.901563 0.600000 0.031250 0.019531
3 0.903906 0.359375 0.012500 0.025391
3 0.902344 0.300781 0.007812 0.040625
3 0.907813 0.567969 0.012500 0.025781
3 0.919531 0.296875 0.011719 0.030469
3 0.922656 0.367969 0.017969 0.033594
3 0.925000 0.535156 0.014063 0.025781
3 0.927344 0.374219 0.017578 0.030078
3 0.932813 0.585938 0.014063 0.021094
3 0.939844 0.424219 0.015625 0.030469
3 0.940625 0.621094 0.014063 0.041406
3 0.948438 0.494531 0.014063 0.027344
3 0.974219 0.238281 0.011328 0.032422
3 0.985156 0.238281 0.012500 0.020313
3 0.985156 0.378906 0.010547 0.032813