0 0.043750 0.612500 0.082812 0.139063
0 0.081250 0.547656 0.068359 0.136328
0 0.257812 0.298438 0.333594 0.471094
0 0.185938 0.593750 0.064062 0.140625
0 0.263281 0.772656 0.128906 0.154688
0 0.296094 0.906250 0.123828 0.183984
0 0.410156 0.728125 0.091406 0.167187
0 0.410156 0.478906 0.072656 0.104688
0 0.450781 0.603125 0.074219 0.107031
0 0.464062 0.275781 0.076563 0.140625
0 0.529687 0.382031 0.065625 0.125781
0 0.679688 0.834375 0.252344 0.328125
0 0.751563 0.284375 0.112891 0.138281
0 0.914062 0.234375 0.169531 0.251563
0 0.864844 0.906250 0.032813 0.071875
0 0.882812 0.871094 0.026562 0.054688
0 0.943750 0.798438 0.033594 0.034375