0 0.043750 0.612500 0.082031 0.138281
0 0.081250 0.547656 0.067969 0.136719
0 0.257812 0.298438 0.332813 0.470313
0 0.185938 0.593750 0.064062 0.140625
0 0.263281 0.772656 0.129297 0.154688
0 0.296094 0.906250 0.123828 0.183984
0 0.410156 0.728125 0.091406 0.167187
0 0.410156 0.478906 0.073047 0.104688
0 0.450781 0.603125 0.073828 0.106641
0 0.464062 0.275781 0.077344 0.140625
0 0.529687 0.382031 0.065625 0.126172
0 0.679688 0.834375 0.252734 0.328125
0 0.751563 0.284375 0.112891 0.138281
0 0.914062 0.234375 0.169141 0.250781
0 0.864844 0.906250 0.032813 0.071875
0 0.882812 0.871094 0.027344 0.054688
0 0.943750 0.798438 0.033594 0.034375