0 0.733594 0.750000 0.070312 0.117188
0 0.157031 0.975781 0.039062 0.046875
0 0.178125 0.287500 0.040625 0.062500
0 0.260937 0.589844 0.045312 0.059375
0 0.317188 0.467187 0.037500 0.065625
0 0.415625 0.167187 0.046094 0.060937
0 0.501563 0.507812 0.043750 0.069531
0 0.521094 0.021094 0.047656 0.042188
0 0.528906 0.372656 0.026562 0.046094
0 0.540625 0.335156 0.025781 0.061719
0 0.574219 0.325781 0.043750 0.070312
0 0.678906 0.363281 0.042188 0.071875
0 0.701562 0.320312 0.043750 0.051562
0 0.769531 0.478125 0.044531 0.076563
0 0.846875 0.248438 0.069531 0.089063
0 0.842187 0.695312 0.042969 0.067187
0 0.914062 0.186719 0.064062 0.061719
0 0.950000 0.510938 0.042188 0.047656