3 0.400000 0.772656 0.075781 0.108594
3 0.034375 0.806250 0.068750 0.059375
3 0.081250 0.744531 0.071094 0.082031
3 0.109375 0.805469 0.078125 0.046094
3 0.119531 0.673438 0.082031 0.094531
3 0.157812 0.747656 0.078906 0.089063
3 0.190625 0.715625 0.067969 0.077734
3 0.190625 0.814844 0.050781 0.058203
3 0.285156 0.814063 0.070703 0.046484
3 0.317188 0.751563 0.067187 0.092969
3 0.361719 0.809375 0.073438 0.055469
3 0.371094 0.693750 0.063281 0.081250
3 0.440625 0.816406 0.057813 0.041406
3 0.489063 0.708594 0.034375 0.060156
3 0.490625 0.775000 0.037891 0.087500
3 0.496875 0.690625 0.044531 0.078125
3 0.518750 0.812500 0.046094 0.042969
3 0.559375 0.784375 0.036719 0.056641
3 0.574219 0.818750 0.048828 0.037109
3 0.582031 0.721875 0.041797 0.058984
3 0.629687 0.785937 0.062109 0.072266
3 0.643750 0.817969 0.036719 0.028906
3 0.665625 0.783594 0.055859 0.067187
3 0.701562 0.818750 0.046484 0.037109
3 0.735938 0.785156 0.052344 0.067187