3 0.046094 0.751563 0.092188 0.089844
3 0.051562 0.232031 0.103125 0.150000
3 0.136719 0.180469 0.273438 0.360938
3 0.150000 0.707812 0.300000 0.185156
3 0.052344 0.111719 0.101562 0.114453
3 0.070312 0.053906 0.090625 0.107813
3 0.114062 0.215625 0.043750 0.107812
3 0.146875 0.736719 0.087500 0.046875
3 0.160156 0.271094 0.114062 0.077344
3 0.182031 0.142969 0.107813 0.168750
3 0.216406 0.691406 0.089063 0.124219
3 0.239063 0.096094 0.062500 0.084375
3 0.269531 0.667969 0.035937 0.076953
3 0.636719 0.313281 0.529687 0.626563
3 0.427344 0.017969 0.039062 0.035156
3 0.438281 0.083594 0.035937 0.082031
3 0.457031 0.144531 0.057813 0.072656
3 0.453125 0.364844 0.043750 0.086328
3 0.459375 0.453125 0.046875 0.089063
3 0.460938 0.039062 0.037500 0.067969
3 0.492969 0.067187 0.051562 0.072656
3 0.514062 0.371875 0.062500 0.119531
3 0.510156 0.213281 0.032812 0.028125
3 0.512500 0.145313 0.028125 0.089844
3 0.526563 0.432812 0.056250 0.039844
3 0.524219 0.027344 0.035937 0.053906
3 0.548438 0.189062 0.053125 0.100781
3 0.551562 0.102344 0.031250 0.082422
3 0.557813 0.049219 0.040625 0.042188
3 0.590625 0.422656 0.056250 0.103125
3 0.572656 0.023438 0.014063 0.046875
3 0.590625 0.128906 0.040625 0.051562
3 0.602344 0.338281 0.064062 0.089063
3 0.609375 0.186719 0.056250 0.095703
3 0.603125 0.039062 0.031250 0.068359
3 0.610156 0.107031 0.039062 0.073047
3 0.660156 0.436719 0.045312 0.060937
3 0.664062 0.350000 0.043750 0.065625
3 0.670312 0.231250 0.056250 0.115234
3 0.693750 0.400000 0.078125 0.119141
3 0.692969 0.171094 0.051562 0.065625
3 0.730469 0.495312 0.070312 0.089063
3 0.755469 0.341406 0.051562 0.110547
3 0.791406 0.442188 0.076563 0.109766
3 0.807813 0.532031 0.075000 0.072656
3 0.828125 0.388281 0.053125 0.110156
3 0.864062 0.495312 0.081250 0.108594