3 0.474219 0.726562 0.151953 0.112109
3 0.141406 0.562500 0.117188 0.128125
3 0.331250 0.674219 0.118359 0.129688
3 0.335938 0.599219 0.097266 0.082422
3 0.356250 0.540625 0.107031 0.087109
3 0.446875 0.582031 0.100391 0.109375
3 0.632812 0.480469 0.102734 0.117578
3 0.689844 0.787500 0.107813 0.137891
3 0.673438 0.425781 0.052344 0.073438
3 0.731250 0.519531 0.128125 0.117969
3 0.734375 0.412500 0.082031 0.105859
3 0.757812 0.346875 0.056250 0.036719
3 0.825781 0.380469 0.112500 0.132812
3 0.846094 0.500000 0.123438 0.135937
3 0.892969 0.412500 0.048828 0.094531