3 0.746875 0.237500 0.107031 0.171484
3 0.202344 0.263281 0.088281 0.135156
3 0.191406 0.194531 0.064062 0.095313
3 0.226562 0.337500 0.111719 0.178125
3 0.266406 0.199219 0.054688 0.064062
3 0.304688 0.233594 0.071094 0.098047
3 0.336719 0.321875 0.119922 0.168359
3 0.372656 0.430469 0.135547 0.154297
3 0.373437 0.224219 0.053516 0.085938
3 0.457813 0.314063 0.100000 0.167187
3 0.528125 0.209375 0.107031 0.174219
3 0.563281 0.353906 0.104688 0.161328
3 0.629687 0.220312 0.103906 0.171094
3 0.673438 0.407031 0.114844 0.167578
3 0.790625 0.420312 0.132812 0.189844
3 0.828906 0.323437 0.050000 0.092969