3 0.131250 0.728906 0.213281 0.267969
3 0.178906 0.939063 0.130469 0.119531
3 0.244531 0.116406 0.192188 0.232031
3 0.231250 0.321875 0.094531 0.133594
3 0.364844 0.549219 0.160937 0.252344
3 0.396094 0.775000 0.195703 0.290625
3 0.401562 0.296094 0.160156 0.236328
3 0.417969 0.096875 0.148047 0.174219
3 0.492188 0.928125 0.196484 0.142969
3 0.544531 0.077344 0.148438 0.154688
3 0.562500 0.334375 0.136719 0.127734
3 0.646094 0.487500 0.212500 0.275781
3 0.707031 0.913281 0.207813 0.171094
3 0.685937 0.151562 0.110156 0.178906
3 0.749219 0.682031 0.138281 0.221875
3 0.796875 0.058594 0.142969 0.116406
3 0.805469 0.410156 0.107813 0.170703
3 0.910156 0.844531 0.178125 0.198438
3 0.917969 0.957031 0.163672 0.084375
3 0.939844 0.052344 0.046094 0.104688
3 0.985156 0.182031 0.028906 0.211719