2 0.053125 0.542188 0.078125 0.184766
2 0.167969 0.889062 0.071875 0.131250
2 0.203906 0.653125 0.032422 0.062500
2 0.235156 0.917969 0.042188 0.081250
2 0.241406 0.588281 0.024219 0.068750
2 0.311719 0.788281 0.073438 0.148438
2 0.404687 0.696875 0.067969 0.128125
2 0.409375 0.432812 0.037109 0.078516
2 0.414844 0.049219 0.048438 0.098437
2 0.423438 0.213281 0.060156 0.143750
2 0.446875 0.354687 0.039844 0.065625
2 0.467187 0.714844 0.041406 0.060156
2 0.498437 0.025781 0.039844 0.051562
2 0.510938 0.472656 0.060937 0.150781
2 0.528125 0.211719 0.080469 0.125000
2 0.555469 0.464062 0.037500 0.052344
2 0.604688 0.506250 0.042188 0.133594
2 0.717187 0.291406 0.119141 0.285547
2 0.688281 0.578906 0.048437 0.103906
2 0.729688 0.595313 0.028906 0.078906
2 0.876563 0.364063 0.035937 0.091406
2 0.937500 0.447656 0.106250 0.189062
2 0.967969 0.060937 0.062500 0.121094