2 0.234375 0.227344 0.063281 0.098047
2 0.240625 0.586719 0.075781 0.258594
2 0.342969 0.409375 0.103906 0.189844
2 0.393750 0.375000 0.187500 0.255469
2 0.328906 0.300781 0.005078 0.013672
2 0.332031 0.273438 0.009375 0.013281
2 0.393750 0.549219 0.043750 0.110937
2 0.430469 0.336719 0.102344 0.196875
2 0.524219 0.495312 0.182813 0.269141
2 0.463281 0.544531 0.044531 0.164062
2 0.626563 0.791406 0.090234 0.166797
2 0.657813 0.422656 0.054688 0.120313
2 0.777344 0.534375 0.014063 0.053125
2 0.835156 0.370312 0.021875 0.081641
2 0.903125 0.385937 0.029687 0.064062
2 0.929688 0.407031 0.048438 0.052344
2 0.918750 0.535156 0.018359 0.039453
2 0.987500 0.414844 0.019141 0.045703