3 0.085938 0.563281 0.139844 0.202344
3 0.173437 0.563281 0.061719 0.135156
3 0.182812 0.574219 0.042188 0.112500
3 0.208594 0.635156 0.085938 0.140625
3 0.318750 0.574219 0.087500 0.167187
3 0.335938 0.464844 0.083594 0.074219
3 0.334375 0.621875 0.048438 0.072656
3 0.368750 0.592969 0.057813 0.162500
3 0.390625 0.500000 0.030469 0.045312
3 0.445312 0.418750 0.100000 0.139844
3 0.464844 0.565625 0.135156 0.231250
3 0.510938 0.473438 0.063281 0.103906
3 0.558594 0.610938 0.098437 0.162500
3 0.602344 0.558594 0.107813 0.217188
3 0.625000 0.411719 0.128125 0.194531
3 0.703125 0.535156 0.085156 0.142187
3 0.688281 0.635156 0.045313 0.129688
3 0.775781 0.621094 0.120313 0.156250
3 0.757812 0.524219 0.053125 0.052344
3 0.820312 0.581250 0.023438 0.158594
3 0.876563 0.581250 0.120313 0.213281