3 0.280469 0.325000 0.071875 0.089844
3 0.325000 0.386719 0.032031 0.064453
3 0.358594 0.349219 0.042188 0.060937
3 0.422656 0.342969 0.035937 0.068750
3 0.439063 0.437500 0.031641 0.046875
3 0.496875 0.421875 0.034375 0.036719
3 0.635938 0.618750 0.062891 0.053125
3 0.711719 0.189844 0.053906 0.076563
3 0.817969 0.138281 0.038281 0.078125
3 0.839844 0.212500 0.052344 0.071875
3 0.870313 0.289062 0.054688 0.057031
3 0.951562 0.327344 0.063281 0.058594
3 0.950000 0.685937 0.051562 0.062500
3 0.973437 0.549219 0.050391 0.085938
3 0.985938 0.273438 0.027344 0.071094