3 0.416406 0.820312 0.065625 0.106250
3 0.489844 0.453906 0.080469 0.088281
3 0.558594 0.657031 0.013281 0.028906
3 0.601562 0.026562 0.053516 0.037891
3 0.602344 0.403906 0.054688 0.057031
3 0.587500 0.670312 0.017969 0.025000
3 0.625781 0.636719 0.016406 0.034375
3 0.640625 0.675781 0.024609 0.032813
3 0.676562 0.716406 0.015234 0.043750
3 0.690625 0.687500 0.024219 0.037109
3 0.721875 0.228125 0.047656 0.075000
3 0.791406 0.220312 0.023438 0.059766
3 0.865625 0.085938 0.073438 0.069531
3 0.859375 0.573438 0.055469 0.050000