3 0.468750 0.339844 0.322266 0.269922
3 0.043750 0.456250 0.087109 0.068750
3 0.057813 0.391406 0.114844 0.144531
3 0.075781 0.260937 0.151562 0.278125
3 0.082812 0.517188 0.165234 0.099609
3 0.090625 0.904687 0.180469 0.189062
3 0.159375 0.639062 0.318750 0.155469
3 0.091406 0.092969 0.152344 0.080469
3 0.083594 0.103906 0.132031 0.109375
3 0.217969 0.763281 0.267188 0.092578
3 0.153906 0.023438 0.126562 0.046875
3 0.181250 0.150781 0.111719 0.207031
3 0.212500 0.912500 0.166406 0.128125
3 0.256250 0.512500 0.224219 0.328125
3 0.337500 0.806250 0.278125 0.076563
3 0.274219 0.028906 0.120313 0.057813
3 0.271875 0.146875 0.099219 0.236719
3 0.395313 0.897656 0.314844 0.203125
3 0.327344 0.164844 0.095312 0.214062
3 0.367969 0.046094 0.079687 0.092188
3 0.525781 0.750781 0.306250 0.220703
3 0.525000 0.920312 0.268750 0.157812
3 0.451562 0.116406 0.107813 0.220312
3 0.564063 0.116406 0.228906 0.220312
3 0.630469 0.407031 0.304297 0.351562
3 0.681250 0.639062 0.317188 0.247656
3 0.658594 0.128125 0.157812 0.130469
3 0.753906 0.857812 0.189062 0.281641
3 0.832812 0.771094 0.300000 0.441406
3 0.803125 0.143750 0.207813 0.109375
3 0.826562 0.384375 0.158594 0.349609
3 0.898438 0.341406 0.197656 0.325000
3 0.858594 0.055469 0.110937 0.110937
3 0.928125 0.710156 0.142969 0.463672
3 0.948438 0.121094 0.082812 0.196094
3 0.956250 0.954688 0.086719 0.087891