0 0.726562 0.501563 0.150781 0.205469
0 0.725000 0.446875 0.548438 0.532031
3 0.029687 0.428125 0.059375 0.098437
3 0.034375 0.282813 0.068750 0.140625
3 0.048438 0.683594 0.096875 0.157031
3 0.055469 0.402344 0.085938 0.069531
3 0.098437 0.523438 0.147656 0.228125
3 0.085938 0.362500 0.078906 0.092969
3 0.076563 0.266406 0.033594 0.108594
3 0.142187 0.288281 0.106250 0.151562
3 0.185156 0.676562 0.167969 0.160156
3 0.165625 0.442188 0.067187 0.066406
3 0.178906 0.392188 0.091406 0.066406
3 0.264062 0.517969 0.161719 0.208594
3 0.242969 0.298438 0.103125 0.130469
3 0.305469 0.389844 0.096875 0.082812
3 0.349219 0.671094 0.155469 0.171094
3 0.421875 0.435156 0.135937 0.112500
3 0.414062 0.383594 0.098437 0.080469
3 0.407813 0.342187 0.076562 0.063281
3 0.444531 0.516406 0.149219 0.192187