3 0.200781 0.342969 0.075781 0.096094
3 0.275000 0.910156 0.039062 0.041406
3 0.275781 0.869531 0.001563 0.042188
3 0.307812 0.574219 0.046094 0.051562
3 0.313281 0.495312 0.057813 0.067969
3 0.315625 0.866406 0.034375 0.054688
3 0.341406 0.066406 0.063672 0.076172
3 0.334375 0.614844 0.046875 0.035937
3 0.333594 0.546875 0.037500 0.058594
3 0.385937 0.364844 0.096875 0.098437
3 0.386719 0.635156 0.050000 0.057031
3 0.384375 0.464844 0.030469 0.035937
3 0.409375 0.441406 0.051562 0.082812
3 0.471094 0.084375 0.065625 0.085156
3 0.515625 0.202344 0.085156 0.103125
3 0.510938 0.468750 0.050781 0.078906
3 0.515625 0.260156 0.054688 0.039844
3 0.531250 0.564844 0.048438 0.050000
3 0.589063 0.677344 0.030859 0.032422
3 0.625000 0.735938 0.046875 0.062109
3 0.630469 0.521875 0.057422 0.066016
3 0.624219 0.798438 0.030469 0.051562
3 0.657813 0.619531 0.050000 0.067187
3 0.668750 0.682813 0.028125 0.041406
3 0.676562 0.776563 0.028516 0.043359
3 0.692969 0.735938 0.057813 0.061719
3 0.714063 0.626563 0.062500 0.073438