2 0.058594 0.621094 0.114844 0.301563
2 0.414844 0.483594 0.460938 0.666406
2 0.651563 0.382812 0.100000 0.146875
2 0.711719 0.482812 0.102344 0.190625
2 0.725781 0.265625 0.100781 0.160156
2 0.719531 0.035156 0.067187 0.070312
2 0.809375 0.382812 0.104688 0.181250
2 0.809375 0.525781 0.051562 0.096875
2 0.835938 0.232031 0.096875 0.163281
2 0.892188 0.485156 0.067187 0.217969
2 0.918750 0.328125 0.071094 0.104688
2 0.948438 0.105469 0.049219 0.132031
2 0.957031 0.434375 0.059375 0.109375
2 0.978125 0.044531 0.041406 0.085938
2 0.978906 0.321875 0.039062 0.117188