3 0.091406 0.553906 0.085938 0.089063
3 0.095312 0.630469 0.075781 0.046875
3 0.241406 0.463281 0.145313 0.089844
3 0.267969 0.534375 0.139844 0.138281
3 0.253125 0.603906 0.090625 0.100781
3 0.362500 0.489063 0.065625 0.107813
3 0.384375 0.602344 0.084375 0.132812
3 0.517969 0.479687 0.108594 0.123438
3 0.521875 0.575000 0.054688 0.120313
3 0.562500 0.568750 0.064062 0.055469
3 0.600781 0.607812 0.073438 0.078906
3 0.606250 0.500781 0.082812 0.127344
3 0.657813 0.578906 0.057813 0.061719
3 0.707812 0.516406 0.118750 0.148438
3 0.698438 0.618750 0.092188 0.121875
3 0.818750 0.628125 0.107813 0.159375