3 0.065625 0.294531 0.030469 0.036719
3 0.080469 0.510938 0.035156 0.035937
3 0.127344 0.485156 0.035156 0.046094
3 0.231250 0.396094 0.035937 0.046875
3 0.235156 0.748437 0.020313 0.047656
3 0.314063 0.750781 0.037500 0.050000
3 0.325000 0.958594 0.027344 0.061719
3 0.341406 0.983594 0.024219 0.021094
3 0.352344 0.725781 0.011719 0.041406
3 0.397656 0.381250 0.020313 0.055469
3 0.546875 0.128125 0.024219 0.037500
3 0.550781 0.154688 0.021875 0.056641
3 0.658594 0.673438 0.020313 0.038281
3 0.675000 0.280469 0.025000 0.050000
3 0.696094 0.321094 0.041406 0.051562
3 0.750781 0.564063 0.019922 0.040625
3 0.752344 0.532813 0.016797 0.030859
3 0.860938 0.048438 0.024219 0.030469
3 0.912500 0.221875 0.024219 0.036719
3 0.914062 0.179688 0.019141 0.037500
3 0.975000 0.677344 0.020313 0.061719
3 0.974219 0.407031 0.015625 0.026953
3 0.987500 0.386719 0.019141 0.054688