2 0.030469 0.541406 0.060937 0.176953
2 0.200000 0.560937 0.125000 0.425000
2 0.301563 0.191406 0.017188 0.031250
2 0.358594 0.292187 0.077344 0.096094
2 0.332813 0.220312 0.023438 0.034375
2 0.410156 0.089063 0.110937 0.177734
2 0.529687 0.698438 0.105859 0.234375
2 0.531250 0.237500 0.021875 0.055859
2 0.571875 0.174219 0.019531 0.045703
2 0.582812 0.224219 0.017969 0.040625
2 0.607031 0.236719 0.030078 0.039062
2 0.662500 0.154688 0.019531 0.048438
2 0.693750 0.209375 0.019141 0.040234
2 0.876563 0.847656 0.096875 0.213672
2 0.881250 0.717187 0.023438 0.036719
2 0.940625 0.267969 0.117188 0.141406