3 0.167187 0.855469 0.121484 0.160547
3 0.164844 0.694531 0.114453 0.145703
3 0.179688 0.967969 0.115625 0.061719
3 0.190625 0.282813 0.113281 0.139844
3 0.207031 0.187500 0.073438 0.073438
3 0.223438 0.124219 0.077344 0.092578
3 0.249219 0.036719 0.085547 0.073047
3 0.264062 0.766406 0.108594 0.153125
3 0.273438 0.328906 0.116406 0.098828
3 0.281250 0.918750 0.121875 0.150781
3 0.286719 0.230469 0.087500 0.107813
3 0.298438 0.150781 0.072656 0.061328
3 0.308594 0.091406 0.061328 0.076172
3 0.368750 0.672656 0.119531 0.144531
3 0.371875 0.286719 0.099219 0.134375
3 0.379688 0.962500 0.111719 0.073438
3 0.395313 0.103906 0.096875 0.071875
3 0.378906 0.573438 0.050000 0.067187
3 0.385156 0.068750 0.062500 0.043750
3 0.439063 0.309375 0.107031 0.151562
3 0.482812 0.758594 0.119141 0.148438
3 0.471094 0.223438 0.089063 0.072656
3 0.485156 0.918750 0.109375 0.150781
3 0.473438 0.077344 0.081250 0.087500
3 0.483594 0.153906 0.090625 0.110547
3 0.528125 0.661719 0.030469 0.061719
3 0.587500 0.156250 0.057813 0.084375
3 0.627344 0.960156 0.100000 0.078906
3 0.642969 0.848437 0.115625 0.165234
3 0.648438 0.018750 0.072656 0.037109
3 0.649219 0.122656 0.058594 0.099219
3 0.678125 0.175781 0.100781 0.072656
3 0.650781 0.050781 0.042188 0.047656
3 0.696094 0.582812 0.105469 0.131250
3 0.728906 0.765625 0.129297 0.165234
3 0.737500 0.921875 0.127734 0.155469
3 0.722656 0.080469 0.074219 0.067187
3 0.725000 0.274219 0.074219 0.123828
3 0.743750 0.138281 0.098437 0.096094
3 0.745313 0.017188 0.080859 0.033594
3 0.770312 0.222656 0.084375 0.104297
3 0.772656 0.589844 0.055078 0.103125
3 0.803906 0.333594 0.114062 0.087500
3 0.807031 0.660937 0.120313 0.139063
3 0.786719 0.569531 0.067578 0.080078
3 0.823438 0.114844 0.071094 0.064062
3 0.856250 0.954688 0.124609 0.084766
3 0.839844 0.174219 0.061719 0.079687
3 0.931250 0.737500 0.121094 0.138281
3 0.942969 0.885156 0.110937 0.153125