3 0.037500 0.658594 0.075000 0.136719
3 0.070312 0.546094 0.086719 0.134375
3 0.132812 0.652344 0.057813 0.046875
3 0.159375 0.545312 0.088281 0.132031
3 0.204687 0.654687 0.105469 0.155469
3 0.346875 0.681250 0.087500 0.128906
3 0.435156 0.057813 0.110937 0.115625
3 0.496094 0.639062 0.080469 0.132031
3 0.504687 0.284375 0.056250 0.115625
3 0.517188 0.804688 0.077734 0.097656
3 0.513281 0.060156 0.060938 0.120313
3 0.513281 0.358594 0.045313 0.066797
3 0.526563 0.200000 0.041406 0.084375
3 0.542969 0.160156 0.058203 0.075000
3 0.560156 0.788281 0.067969 0.122656
3 0.552344 0.267188 0.048047 0.091406
3 0.553125 0.333594 0.046094 0.064063
3 0.564063 0.658594 0.063281 0.152344
3 0.564844 0.057813 0.054688 0.115625
3 0.585156 0.132812 0.048437 0.056641
3 0.596875 0.021094 0.028125 0.042188
3 0.608594 0.050000 0.026172 0.096875