2 0.101562 0.309375 0.132812 0.084375
2 0.130469 0.219531 0.114062 0.086328
2 0.167187 0.378906 0.124609 0.076953
2 0.188281 0.427344 0.124219 0.077344
2 0.220312 0.565625 0.122266 0.086719
2 0.264844 0.212500 0.126562 0.106641
2 0.317188 0.265625 0.149219 0.110156
2 0.309375 0.567187 0.082031 0.091406
2 0.350781 0.034375 0.139063 0.068750
2 0.350000 0.460156 0.121094 0.085938
2 0.400000 0.416406 0.133984 0.087500
2 0.406250 0.367188 0.121484 0.058984
2 0.413281 0.146875 0.135547 0.116016
2 0.557031 0.547656 0.152344 0.078906
2 0.567187 0.157812 0.152344 0.107031
2 0.585156 0.628906 0.141406 0.092969
2 0.646094 0.796875 0.107813 0.067969
2 0.656250 0.728906 0.128516 0.079297
2 0.658594 0.635156 0.082812 0.085156
2 0.690625 0.866406 0.132812 0.100000
2 0.698438 0.666406 0.147656 0.087500
2 0.739062 0.539844 0.114062 0.082812
2 0.838281 0.830469 0.142578 0.085938
2 0.836719 0.567187 0.114062 0.085156
2 0.895312 0.727344 0.168750 0.082812
2 0.891406 0.650781 0.150000 0.087500
2 0.888281 0.689063 0.131250 0.025391