3 0.335938 0.170313 0.071875 0.110937
3 0.067969 0.810156 0.054688 0.123438
3 0.100781 0.582031 0.051562 0.110937
3 0.162500 0.650000 0.048438 0.074219
3 0.211719 0.666406 0.050000 0.107031
3 0.389062 0.788281 0.050000 0.105469
3 0.398438 0.826562 0.031250 0.082031
3 0.425781 0.759375 0.045312 0.092188
3 0.473438 0.778125 0.025781 0.080469
3 0.632812 0.417187 0.045312 0.075000
3 0.654687 0.552344 0.043750 0.060156
3 0.660156 0.274219 0.036719 0.061719
3 0.707812 0.727344 0.056250 0.078125
3 0.848437 0.126562 0.046094 0.073438