3 0.192969 0.316406 0.157812 0.227344
3 0.051562 0.576562 0.103125 0.160156
3 0.053906 0.810156 0.107813 0.223438
3 0.186719 0.882031 0.183594 0.230469
3 0.194531 0.689063 0.173437 0.207031
3 0.234375 0.515625 0.142969 0.140625
3 0.332813 0.233594 0.154688 0.225781
3 0.361719 0.369531 0.158594 0.145313
3 0.354687 0.686719 0.139063 0.190625
3 0.382812 0.501563 0.168750 0.216406
3 0.489063 0.203125 0.173437 0.184375
3 0.515625 0.644531 0.182812 0.221094
3 0.537500 0.363281 0.153906 0.163281
3 0.596094 0.494531 0.170313 0.201563
3 0.633594 0.179688 0.147656 0.203125
3 0.686719 0.654687 0.167969 0.189844
3 0.696875 0.383594 0.154688 0.194531
3 0.765625 0.240625 0.154688 0.201563
3 0.774219 0.110156 0.130469 0.146875