0 0.692187 0.492188 0.112500 0.117188
0 0.243750 0.855469 0.113281 0.125000
0 0.331250 0.900781 0.098437 0.121094
0 0.396094 0.853125 0.093750 0.134375
0 0.410938 0.728906 0.085156 0.126562
0 0.412500 0.939063 0.063281 0.075781
0 0.477344 0.765625 0.094531 0.085938
0 0.534375 0.962500 0.075000 0.072656
0 0.698438 0.332031 0.097656 0.132812
0 0.734375 0.293750 0.085938 0.092188
0 0.753906 0.442969 0.109375 0.146094
0 0.773438 0.978906 0.101562 0.039062
0 0.861719 0.970313 0.089063 0.057031
0 0.926562 0.925000 0.099219 0.144531
1 0.592969 0.439063 0.203125 0.107031
1 0.597656 0.400000 0.192969 0.075781
1 0.594531 0.496875 0.079687 0.050781
3 0.158594 0.793750 0.094531 0.131250
3 0.255469 0.735938 0.098437 0.121094
3 0.442969 0.953906 0.093750 0.089844
3 0.491406 0.853125 0.094531 0.121094