2 0.123438 0.748437 0.097656 0.082031
2 0.235156 0.507031 0.173437 0.193750
2 0.208594 0.728906 0.057813 0.045703
2 0.323437 0.589063 0.009766 0.012891
2 0.342187 0.865625 0.014844 0.024219
2 0.361719 0.605469 0.051562 0.050781
2 0.357031 0.857031 0.014062 0.020703
2 0.360938 0.917969 0.011719 0.028906
2 0.376563 0.863281 0.019141 0.025000
2 0.379688 0.918750 0.021094 0.019141
2 0.448437 0.831250 0.116406 0.176562
2 0.489844 0.604688 0.140625 0.233984
2 0.510156 0.857812 0.030078 0.031641
2 0.599219 0.837500 0.167187 0.209375
2 0.610938 0.429688 0.158594 0.127734
2 0.557813 0.901563 0.015625 0.027734
2 0.567187 0.857812 0.019531 0.039062
2 0.585156 0.581250 0.050000 0.032031
2 0.738281 0.887500 0.086719 0.125000
2 0.796094 0.605469 0.092188 0.089063
2 0.890625 0.447656 0.118359 0.119922
2 0.916406 0.609375 0.058594 0.132031