3 0.023438 0.662500 0.027344 0.046484
3 0.074219 0.604688 0.026172 0.040234
3 0.098437 0.571875 0.030859 0.032031
3 0.109375 0.425781 0.026562 0.028906
3 0.121875 0.775781 0.017969 0.038672
3 0.147656 0.528906 0.034375 0.049219
3 0.189062 0.571094 0.025781 0.034375
3 0.204687 0.391406 0.021094 0.039453
3 0.206250 0.186719 0.021875 0.032813
3 0.216406 0.460156 0.033594 0.053125
3 0.239063 0.556250 0.041016 0.028125
3 0.275000 0.045312 0.026563 0.038281
3 0.278125 0.945312 0.028125 0.046484
3 0.283594 0.097656 0.029687 0.051172
3 0.283594 0.127344 0.021875 0.034375
3 0.290625 0.015625 0.031250 0.031250
3 0.317969 0.982031 0.023828 0.034375
3 0.333594 0.847656 0.032422 0.055078
3 0.346094 0.108594 0.018750 0.042188
3 0.354687 0.129688 0.018359 0.046875
3 0.382812 0.152344 0.015625 0.025000
3 0.403125 0.166406 0.023438 0.026562
3 0.440625 0.147656 0.024219 0.034375
3 0.463281 0.122656 0.030078 0.048047
3 0.566406 0.635938 0.026562 0.037109
3 0.617969 0.574219 0.032031 0.039844
3 0.620313 0.609375 0.034375 0.027734
3 0.629687 0.694531 0.016406 0.051562
3 0.673438 0.550781 0.025781 0.039844
3 0.709375 0.532031 0.034375 0.058203
3 0.721094 0.842187 0.046094 0.058594
3 0.757031 0.837500 0.032422 0.043750
3 0.769531 0.613281 0.032813 0.046094
3 0.790625 0.560156 0.024219 0.056250
3 0.823438 0.510938 0.020313 0.052344
3 0.833594 0.635938 0.023828 0.037109
3 0.850781 0.491406 0.019531 0.036719
3 0.862500 0.675781 0.032813 0.036719
3 0.860938 0.612500 0.015234 0.037109
3 0.870313 0.894531 0.026562 0.060156