3 0.050000 0.460938 0.038281 0.020313
3 0.113281 0.345313 0.025000 0.025781
3 0.120313 0.252344 0.037109 0.030078
3 0.171094 0.420312 0.028125 0.012500
3 0.189844 0.405469 0.025000 0.011719
3 0.194531 0.496094 0.031250 0.015625
3 0.221875 0.460938 0.037891 0.030859
3 0.245312 0.337500 0.037891 0.025391
3 0.282031 0.331250 0.035937 0.024609
3 0.285938 0.081250 0.033984 0.019531
3 0.285938 0.114062 0.017969 0.020313
3 0.307812 0.484375 0.029687 0.025781
3 0.376563 0.315625 0.046484 0.024219
3 0.392969 0.298438 0.046094 0.020312
3 0.409375 0.417969 0.043359 0.033203
3 0.429688 0.289844 0.022656 0.017188
3 0.454688 0.306250 0.033984 0.015234
3 0.457031 0.426563 0.038672 0.021094
3 0.473438 0.371875 0.037891 0.024219
3 0.485938 0.143750 0.018750 0.022266
3 0.500781 0.313281 0.028125 0.023047
3 0.524219 0.156250 0.013672 0.015625
3 0.628906 0.190625 0.020313 0.030859
3 0.687500 0.210938 0.046094 0.018750
3 0.753125 0.463281 0.042969 0.028906