0 0.560937 0.184375 0.161719 0.134375
0 0.064844 0.578125 0.053906 0.029687
0 0.085156 0.892188 0.078125 0.065625
0 0.136719 0.494531 0.070312 0.040625
0 0.204687 0.618750 0.056641 0.063281
0 0.378125 0.328906 0.136719 0.142187
0 0.474219 0.614844 0.137500 0.139063
0 0.479687 0.694531 0.141406 0.101562
0 0.510938 0.507812 0.125391 0.118359
0 0.553906 0.699219 0.055078 0.058203
0 0.619531 0.743750 0.061328 0.071875
0 0.696875 0.458594 0.089844 0.112500
0 0.754687 0.707812 0.134375 0.134375
0 0.802344 0.463281 0.107813 0.112500
0 0.860938 0.171094 0.078125 0.053906
0 0.877344 0.253125 0.088672 0.081641
0 0.903125 0.231250 0.075781 0.063281