0 0.668750 0.284375 0.068359 0.103125
0 0.191406 0.650000 0.039844 0.053125
0 0.306250 0.910156 0.037891 0.059375
0 0.344531 0.688281 0.045312 0.061328
0 0.340625 0.776563 0.034375 0.062109
0 0.434375 0.536719 0.034375 0.051172
0 0.435937 0.375000 0.035937 0.034375
0 0.445312 0.683594 0.035156 0.082812
0 0.457031 0.789062 0.048047 0.077344
0 0.489844 0.825781 0.061328 0.090625
0 0.498437 0.670312 0.022266 0.028516
0 0.525000 0.769531 0.059766 0.088672
0 0.527344 0.685937 0.048047 0.059766
0 0.539062 0.258594 0.055469 0.078906
0 0.541406 0.910156 0.051562 0.051562
0 0.567187 0.303906 0.042188 0.084375
0 0.637500 0.504687 0.059375 0.101562
0 0.652344 0.338281 0.058594 0.069531
0 0.682813 0.575781 0.053906 0.082812
0 0.707812 0.832812 0.030469 0.080469
0 0.729688 0.471094 0.065234 0.088672
0 0.744531 0.821875 0.042969 0.040625
0 0.764844 0.515625 0.048437 0.085156
0 0.806250 0.850000 0.058984 0.075781
0 0.801562 0.907813 0.043750 0.060156