2 0.237500 0.704688 0.075391 0.118750
2 0.296094 0.743750 0.096094 0.138281
2 0.352344 0.725000 0.067187 0.125781
2 0.514844 0.482812 0.056250 0.106250
2 0.531250 0.624219 0.085938 0.141406
2 0.578906 0.657813 0.076563 0.144141
2 0.643750 0.626563 0.080469 0.130469
2 0.639844 0.536719 0.065625 0.075000
2 0.695312 0.365625 0.089844 0.190625
2 0.784375 0.396094 0.090625 0.151172
2 0.776563 0.046094 0.066406 0.092188
2 0.790625 0.338281 0.093359 0.085938
2 0.854688 0.138281 0.114844 0.109375
2 0.867969 0.068750 0.110937 0.137500