2 0.025781 0.535937 0.051562 0.112500
2 0.040625 0.692187 0.078906 0.123438
2 0.089844 0.626563 0.148828 0.131250
2 0.153906 0.862500 0.203125 0.067969
2 0.189062 0.752344 0.249609 0.158203
2 0.254688 0.613281 0.258594 0.160938
2 0.258594 0.837500 0.121875 0.068359
2 0.389062 0.879687 0.272656 0.060156
2 0.413281 0.790625 0.297656 0.151562
2 0.441406 0.657813 0.266406 0.139844
2 0.491406 0.570312 0.215625 0.066406
2 0.641406 0.830469 0.273438 0.143750
2 0.689844 0.662500 0.284375 0.188281
2 0.792969 0.825781 0.194531 0.142187