3 0.035937 0.291406 0.071484 0.101172
3 0.046094 0.399219 0.073438 0.106250
3 0.040625 0.492188 0.034766 0.094141
3 0.131250 0.482031 0.055469 0.091797
3 0.298438 0.467187 0.077344 0.091406
3 0.306250 0.912500 0.074219 0.127734
3 0.364844 0.169531 0.101562 0.151562
3 0.355469 0.475781 0.071875 0.092969
3 0.375781 0.649219 0.069531 0.098437
3 0.394531 0.277344 0.087500 0.117969
3 0.450781 0.171094 0.083203 0.140625
3 0.459375 0.879687 0.053125 0.096875
3 0.610156 0.711719 0.070703 0.121875
3 0.633594 0.589063 0.084375 0.137109
3 0.700781 0.313281 0.060938 0.091797
3 0.717187 0.176563 0.065625 0.091016
3 0.750781 0.114062 0.061719 0.087500
3 0.771875 0.255469 0.050781 0.070312
3 0.817969 0.603125 0.049219 0.081250
3 0.849219 0.728125 0.065625 0.074609
3 0.846094 0.375000 0.044531 0.062500
3 0.850781 0.485938 0.054688 0.083984
3 0.917969 0.811719 0.077344 0.111719
3 0.928125 0.528125 0.064844 0.079687