3 0.346875 0.375000 0.173437 0.367188
3 0.039062 0.862500 0.077734 0.268750
3 0.042188 0.420312 0.084375 0.415625
3 0.093750 0.232813 0.150000 0.250000
3 0.096094 0.726562 0.117188 0.348438
3 0.096875 0.941406 0.078516 0.110937
3 0.157812 0.411719 0.137500 0.298828
3 0.221875 0.910156 0.168750 0.173047
3 0.242188 0.296094 0.085156 0.142187
3 0.254688 0.526563 0.085156 0.114062
3 0.253125 0.390625 0.036719 0.175391
3 0.331250 0.968750 0.060156 0.055469
3 0.406250 0.786719 0.169531 0.407422
3 0.476562 0.916406 0.193750 0.160156
3 0.467187 0.250000 0.151563 0.351562
3 0.514062 0.639062 0.164062 0.438281
3 0.548438 0.381250 0.121484 0.144531
3 0.633594 0.839844 0.157812 0.314453
3 0.656250 0.496875 0.180469 0.388281
3 0.691406 0.289844 0.117188 0.135937
3 0.785156 0.718750 0.170313 0.389062
3 0.807031 0.941406 0.160938 0.110937
3 0.814063 0.417969 0.172656 0.268750
3 0.898438 0.660156 0.082812 0.210156
3 0.933594 0.830469 0.129688 0.333594
3 0.957031 0.479687 0.083203 0.324609