0 0.040625 0.525000 0.061719 0.069531
0 0.020313 0.763281 0.015625 0.021094
0 0.077344 0.764062 0.067187 0.075781
0 0.096875 0.939844 0.054688 0.083594
0 0.124219 0.348438 0.048438 0.073438
0 0.142187 0.817187 0.053906 0.068750
0 0.175000 0.367969 0.064063 0.089063
0 0.182812 0.794531 0.022656 0.056250
0 0.214844 0.789844 0.046094 0.069531
0 0.214062 0.849219 0.037500 0.053125
0 0.233594 0.292187 0.035156 0.065625
0 0.265625 0.346875 0.050000 0.071875
0 0.279687 0.280469 0.056250 0.092969
0 0.348438 0.661719 0.050000 0.068750
0 0.398438 0.645312 0.042969 0.083594
0 0.400000 0.486719 0.042969 0.073438
0 0.449219 0.551562 0.032031 0.056250
0 0.494531 0.401562 0.046094 0.065625
0 0.494531 0.677344 0.035937 0.044531
0 0.502344 0.798438 0.028125 0.031250
0 0.678125 0.866406 0.289062 0.264844
0 0.742188 0.449219 0.042188 0.069531
0 0.882812 0.734375 0.043750 0.060156