0 0.015625 0.728906 0.031250 0.112500
0 0.059375 0.705469 0.060156 0.067187
0 0.289844 0.370312 0.201953 0.268750
0 0.297656 0.913281 0.148438 0.096875
0 0.378906 0.010937 0.048828 0.021875
0 0.464844 0.501563 0.216406 0.271875
0 0.455469 0.769531 0.075000 0.074219
0 0.578906 0.432812 0.130469 0.217969
0 0.610156 0.031250 0.154297 0.062500
0 0.888281 0.667969 0.097656 0.122656
0 0.943750 0.409375 0.066406 0.080469
0 0.973437 0.903125 0.052734 0.124219
0 0.975000 0.200781 0.048438 0.085938
0 0.975781 0.074219 0.047656 0.085938