3 0.510156 0.552344 0.210938 0.310937
3 0.128125 0.631250 0.174219 0.255469
3 0.139844 0.824219 0.196094 0.274219
3 0.154688 0.365625 0.171875 0.283594
3 0.209375 0.959375 0.115625 0.079687
3 0.313281 0.515625 0.184375 0.255469
3 0.361719 0.731250 0.234375 0.257031
3 0.340625 0.296875 0.175781 0.258594
3 0.381250 0.887500 0.217969 0.223438
3 0.416406 0.442188 0.034375 0.085156
3 0.513281 0.340625 0.123438 0.130469
3 0.565625 0.918750 0.167188 0.160938
3 0.645312 0.368750 0.198438 0.207812
3 0.694531 0.566406 0.182813 0.268750
3 0.735938 0.905469 0.207813 0.178125
3 0.803906 0.930469 0.264453 0.136328
3 0.754687 0.392969 0.078906 0.148438
3 0.830469 0.553125 0.150000 0.237891
3 0.821094 0.739062 0.123438 0.161719
3 0.917188 0.812500 0.160156 0.293750