0 0.864844 0.718750 0.121875 0.167969
0 0.017188 0.743750 0.034375 0.090625
0 0.045312 0.394531 0.047266 0.029297
0 0.075781 0.419531 0.035937 0.055078
0 0.095312 0.489063 0.047656 0.056250
0 0.107813 0.434375 0.053516 0.062109
0 0.167187 0.892969 0.052344 0.078906
0 0.181250 0.763281 0.053906 0.078906
0 0.207813 0.461719 0.067187 0.078906
0 0.215625 0.833594 0.063281 0.084375
0 0.236719 0.729688 0.054688 0.077344
0 0.245312 0.410156 0.062500 0.075000
0 0.257812 0.509375 0.071875 0.074219
0 0.285938 0.450000 0.057813 0.085938
0 0.522656 0.678125 0.085938 0.131250
0 0.581250 0.878906 0.103516 0.155078
0 0.585156 0.502344 0.076172 0.073828
0 0.721875 0.414844 0.058594 0.065625
0 0.735938 0.354687 0.058594 0.078906
0 0.775000 0.438281 0.078125 0.076563
0 0.773438 0.661719 0.071094 0.113672
0 0.839063 0.428125 0.059766 0.068750
0 0.951562 0.697656 0.090625 0.130469
0 0.955469 0.345313 0.078125 0.076562
0 0.942187 0.397656 0.046484 0.080078
0 0.981250 0.381250 0.035937 0.085938
0 0.983594 0.449219 0.032422 0.043750
0 0.996094 0.332813 0.006250 0.012891