3 0.746094 0.733594 0.279687 0.370312
3 0.034375 0.775781 0.067969 0.310156
3 0.042188 0.959375 0.084375 0.078125
3 0.090625 0.244531 0.181250 0.360938
3 0.175000 0.800781 0.242969 0.242188
3 0.180469 0.567969 0.223828 0.408203
3 0.234375 0.957812 0.193750 0.083594
3 0.279687 0.248438 0.191406 0.289062
3 0.407813 0.568750 0.314844 0.444141
3 0.459375 0.184375 0.295312 0.366406
3 0.468750 0.874219 0.267188 0.249219
3 0.608594 0.925781 0.267188 0.144531
3 0.566406 0.549219 0.129688 0.360156
3 0.685156 0.388281 0.270313 0.340625
3 0.651563 0.160938 0.143750 0.216406
3 0.853125 0.076563 0.268750 0.152734
3 0.778125 0.182812 0.092188 0.153125
3 0.887500 0.330469 0.221094 0.387500
3 0.896094 0.911719 0.207422 0.175000
3 0.923438 0.670312 0.152344 0.304688