3 0.616406 0.558594 0.179297 0.273047
3 0.035937 0.032031 0.071875 0.064062
3 0.059375 0.408594 0.118750 0.260547
3 0.064844 0.159375 0.129688 0.238281
3 0.039062 0.626563 0.073438 0.190625
3 0.139063 0.695312 0.164844 0.214844
3 0.130469 0.092969 0.142187 0.185938
3 0.127344 0.295312 0.080469 0.163281
3 0.192969 0.494531 0.143750 0.227344
3 0.270313 0.114062 0.141406 0.121875
3 0.298438 0.035937 0.146094 0.071094
3 0.306250 0.702344 0.137891 0.200000
3 0.306250 0.378906 0.092969 0.145703
3 0.364063 0.519531 0.185156 0.230078
3 0.395313 0.257812 0.168750 0.269141
3 0.421875 0.139063 0.132031 0.135156
3 0.424219 0.028906 0.096094 0.057813
3 0.460156 0.682031 0.163672 0.220703
3 0.507812 0.383594 0.158984 0.225000
3 0.537500 0.060156 0.150000 0.120313
3 0.578906 0.183594 0.185156 0.236719
3 0.646875 0.328125 0.158984 0.212891
3 0.677344 0.029687 0.117188 0.059375
3 0.677344 0.160156 0.104688 0.204297