0 0.712500 0.200000 0.233594 0.209375
0 0.003906 0.453125 0.007812 0.022266
0 0.004687 0.637500 0.008984 0.034375
0 0.004687 0.674219 0.008594 0.031250
0 0.006250 0.428125 0.012109 0.034375
0 0.010156 0.414062 0.020313 0.028125
0 0.099219 0.630469 0.198437 0.234375
0 0.012500 0.443750 0.011719 0.025781
0 0.021875 0.447656 0.019531 0.028125
0 0.028906 0.425781 0.011328 0.010547
0 0.032813 0.458594 0.014063 0.019531
0 0.042188 0.421094 0.015625 0.007812
0 0.046875 0.442188 0.024219 0.034375
0 0.046875 0.259375 0.011719 0.027734
0 0.063281 0.433594 0.021875 0.032813
0 0.102344 0.808594 0.087500 0.085938
0 0.100000 0.184375 0.073437 0.121094
0 0.146875 0.288281 0.012891 0.026953
0 0.152344 0.979688 0.020313 0.025000
0 0.234375 0.107813 0.182031 0.162891
0 0.271875 0.755469 0.241016 0.276953
0 0.277344 0.328906 0.021875 0.034375
0 0.328906 0.960938 0.125781 0.075781
0 0.301563 0.278906 0.035156 0.048438
0 0.362500 0.228125 0.156250 0.117188
0 0.412500 0.371094 0.024219 0.038672
0 0.538281 0.860938 0.273438 0.275781
0 0.490625 0.218750 0.148438 0.125000
0 0.562500 0.333594 0.046094 0.065625
0 0.632812 0.438281 0.025781 0.038281
0 0.750000 0.378125 0.059766 0.080859
0 0.821094 0.377344 0.035937 0.067187
0 0.924219 0.329688 0.150000 0.177344
0 0.934375 0.935156 0.129688 0.127344
0 0.909375 0.511719 0.036719 0.050000
0 0.976562 0.458594 0.046094 0.073438