2 0.348438 0.580469 0.052344 0.100781
2 0.353125 0.454688 0.056250 0.132031
2 0.373437 0.357031 0.025781 0.100781
2 0.373437 0.666406 0.020312 0.100000
2 0.402344 0.396094 0.075781 0.150000
2 0.394531 0.258594 0.055469 0.121094
2 0.435937 0.194531 0.043750 0.082031
2 0.450781 0.823438 0.058594 0.164062
2 0.448437 0.295312 0.046094 0.110156
2 0.477344 0.632031 0.092188 0.136719
2 0.509375 0.185938 0.060938 0.100000
2 0.541406 0.758594 0.089063 0.166406
2 0.534375 0.303125 0.035156 0.060937
2 0.572656 0.634375 0.070312 0.142187
2 0.581250 0.195312 0.071875 0.128125
2 0.586719 0.816406 0.083594 0.142187
2 0.590625 0.392969 0.064844 0.086719
2 0.629687 0.275781 0.050000 0.066406
2 0.651563 0.737500 0.079687 0.166406
2 0.664062 0.378125 0.075781 0.192969
2 0.671094 0.637500 0.067187 0.110937
2 0.683594 0.522656 0.071875 0.136719