2 0.046875 0.347656 0.093750 0.101562
2 0.092188 0.457813 0.183594 0.126562
2 0.096875 0.064844 0.193750 0.067187
2 0.153125 0.590625 0.306250 0.126562
2 0.224219 0.173437 0.407813 0.120313
2 0.282813 0.774219 0.424219 0.230469
2 0.304688 0.256250 0.467969 0.146875
2 0.391406 0.908594 0.539062 0.182031
2 0.446094 0.351562 0.464844 0.146875
2 0.336719 0.023438 0.214062 0.046875
2 0.534375 0.475000 0.477344 0.165625
2 0.622656 0.078906 0.397656 0.128125
2 0.721875 0.635156 0.484375 0.214844
2 0.747656 0.171875 0.413281 0.123438
2 0.799219 0.783594 0.400000 0.239063
2 0.666406 0.985156 0.086719 0.028125
2 0.833594 0.260156 0.330469 0.135156
2 0.869531 0.937500 0.259375 0.123438
2 0.884375 0.373437 0.228906 0.129688