2 0.019531 0.723437 0.039062 0.153906
2 0.038281 0.290625 0.075781 0.319531
2 0.115625 0.375781 0.065625 0.110937
2 0.150781 0.133594 0.123438 0.267188
2 0.188281 0.975000 0.057422 0.049219
2 0.357812 0.628906 0.053516 0.030078
2 0.407031 0.078906 0.065625 0.085938
2 0.482812 0.750781 0.040625 0.177344
2 0.622656 0.607812 0.289062 0.592969
2 0.688281 0.686719 0.042188 0.057813
2 0.771875 0.051562 0.093359 0.103125
2 0.821094 0.533594 0.059375 0.070312
2 0.867188 0.339062 0.058594 0.046484
2 0.884375 0.510156 0.073438 0.182812
2 0.900000 0.957031 0.087109 0.085547
2 0.910937 0.292187 0.034375 0.022266
2 0.929688 0.667188 0.047266 0.114844
2 0.977344 0.334375 0.042969 0.073438