3 0.010937 0.455469 0.021875 0.035937
3 0.010937 0.378125 0.008594 0.031250
3 0.021875 0.275000 0.024219 0.024219
3 0.025781 0.507812 0.029687 0.034766
3 0.039844 0.113281 0.018750 0.044531
3 0.041406 0.238281 0.021875 0.031250
3 0.053125 0.246875 0.024609 0.031641
3 0.073438 0.435937 0.019531 0.039062
3 0.072656 0.141406 0.015625 0.023438
3 0.099219 0.223438 0.014063 0.036719
3 0.121875 0.196875 0.014063 0.027344
3 0.126562 0.325781 0.022656 0.030078
3 0.823438 0.464844 0.017969 0.027344
3 0.883594 0.541406 0.014844 0.029688
3 0.968750 0.339062 0.037109 0.053125
3 0.983594 0.032031 0.031250 0.055078
3 0.990625 0.295312 0.014063 0.040625