3 0.745313 0.501563 0.075000 0.088281
3 0.081250 0.680469 0.050781 0.064844
3 0.142969 0.729688 0.061719 0.073438
3 0.150000 0.653906 0.060937 0.057031
3 0.159375 0.613281 0.065625 0.067187
3 0.204687 0.782031 0.039844 0.050000
3 0.207813 0.614062 0.047656 0.075781
3 0.233594 0.719531 0.057031 0.064062
3 0.242969 0.528125 0.053125 0.050000
3 0.250781 0.782031 0.060937 0.070312
3 0.256250 0.460938 0.050781 0.071094
3 0.260156 0.636719 0.059375 0.053125
3 0.268750 0.378906 0.057031 0.074219
3 0.274219 0.607031 0.067969 0.051562
3 0.305469 0.783594 0.062500 0.098437
3 0.300781 0.483594 0.046094 0.077344
3 0.302344 0.325781 0.042188 0.051562
3 0.321875 0.646094 0.057031 0.057031
3 0.335938 0.267969 0.048438 0.078906
3 0.337500 0.370312 0.049219 0.046875
3 0.350000 0.429688 0.050781 0.050000
3 0.368750 0.742969 0.065625 0.096094
3 0.386719 0.357812 0.046094 0.090625
3 0.396875 0.466406 0.054688 0.080469
3 0.425781 0.701562 0.054688 0.078906
3 0.434375 0.340625 0.050781 0.077344
3 0.467187 0.391406 0.046875 0.058594
3 0.472656 0.243750 0.057813 0.082812
3 0.483594 0.535937 0.060937 0.069531
3 0.490625 0.618750 0.046875 0.065625
3 0.500781 0.337500 0.043750 0.060156
3 0.534375 0.563281 0.039062 0.046094
3 0.539062 0.510156 0.043750 0.044531
3 0.545312 0.632031 0.055469 0.101562
3 0.588281 0.450781 0.054688 0.063281
3 0.589063 0.567187 0.042188 0.078906
3 0.589844 0.510156 0.043750 0.044531
3 0.603125 0.385937 0.054688 0.057031
3 0.602344 0.650000 0.039062 0.067969
3 0.655469 0.414844 0.033594 0.074219
3 0.667188 0.610938 0.051562 0.064062
3 0.682813 0.346094 0.064062 0.046875
3 0.692969 0.555469 0.053906 0.082812
3 0.807813 0.374219 0.050000 0.072656
3 0.835938 0.414844 0.048438 0.053125