3 0.133594 0.532031 0.106250 0.209375
3 0.026562 0.807031 0.053125 0.239063
3 0.038281 0.675000 0.076563 0.132031
3 0.064062 0.238281 0.115234 0.245703
3 0.046875 0.610156 0.074219 0.082031
3 0.062500 0.460938 0.050781 0.215625
3 0.117188 0.863281 0.157812 0.200781
3 0.153125 0.357031 0.090625 0.186719
3 0.216406 0.925781 0.143750 0.146875
3 0.216406 0.294531 0.104688 0.118750
3 0.214062 0.514844 0.070312 0.203125
3 0.264062 0.785937 0.171094 0.268750
3 0.232031 0.396094 0.057813 0.094922
3 0.298438 0.338281 0.093750 0.163672
3 0.314844 0.475000 0.100000 0.209375
3 0.353125 0.567187 0.146094 0.272656
3 0.316406 0.240625 0.064062 0.111719
3 0.317188 0.966406 0.057813 0.064062
3 0.398438 0.235937 0.133594 0.205859
3 0.424219 0.742188 0.173047 0.266016
3 0.412500 0.367969 0.096875 0.104297
3 0.432812 0.932813 0.115625 0.132031
3 0.441406 0.514844 0.098437 0.189062
3 0.448437 0.152344 0.075000 0.132812
3 0.484375 0.489063 0.092969 0.116016
3 0.510156 0.258594 0.082812 0.136328
3 0.551562 0.899219 0.139844 0.146875
3 0.534375 0.090625 0.087891 0.174609
3 0.554688 0.782813 0.102734 0.143750
3 0.555469 0.388281 0.100000 0.217578
3 0.550000 0.624219 0.081250 0.224219
3 0.612500 0.046875 0.120313 0.092969
3 0.620313 0.194531 0.103906 0.160547
3 0.612500 0.347656 0.082031 0.162500
3 0.628125 0.507812 0.096484 0.168359
3 0.654687 0.117969 0.110937 0.178125
3 0.696875 0.812500 0.195312 0.203125
3 0.648438 0.668750 0.091406 0.134375
3 0.670312 0.338281 0.048437 0.149219
3 0.740625 0.541406 0.107031 0.220312
3 0.727344 0.184375 0.056250 0.149609
3 0.774219 0.458594 0.150000 0.181250
3 0.776563 0.122656 0.060156 0.163672
3 0.800000 0.035156 0.080469 0.070312
3 0.843750 0.656250 0.130469 0.198437
3 0.844531 0.801562 0.132422 0.121484
3 0.821875 0.306250 0.063281 0.114062
3 0.855469 0.240625 0.085547 0.081641
3 0.880469 0.168750 0.096094 0.132031
3 0.902344 0.449219 0.123828 0.186328
3 0.920312 0.320312 0.112109 0.171094
3 0.925000 0.623437 0.107031 0.196484
3 0.949219 0.251563 0.092188 0.075000
3 0.979688 0.560156 0.040234 0.139063
3 0.978906 0.425781 0.032422 0.143750
3 0.987500 0.708594 0.024219 0.143750