4 0.100000 0.367969 0.089063 0.228125
4 0.201563 0.315625 0.206250 0.444531
4 0.249219 0.363281 0.070312 0.164062
4 0.287500 0.335938 0.106250 0.357812
4 0.383594 0.325781 0.054688 0.220312
4 0.411719 0.302344 0.091797 0.355078
4 0.545312 0.325781 0.101562 0.340625
4 0.557031 0.285938 0.086328 0.162500
4 0.601562 0.582812 0.096094 0.296875
4 0.614062 0.843750 0.090625 0.306250
4 0.694531 0.282031 0.056250 0.181250
4 0.735938 0.285156 0.090625 0.382812
4 0.739062 0.661719 0.096875 0.280078
4 0.940625 0.257812 0.092969 0.298438