3 0.750781 0.595313 0.070703 0.089844
3 0.283594 0.317188 0.051562 0.093359
3 0.323437 0.391406 0.062500 0.076172
3 0.327344 0.600000 0.046094 0.032031
3 0.393750 0.374219 0.053125 0.082812
3 0.395313 0.669531 0.027344 0.051562
3 0.447656 0.471875 0.054688 0.069531
3 0.450781 0.342187 0.050781 0.070312
3 0.478125 0.702344 0.019531 0.066406
3 0.562500 0.293750 0.033984 0.075391
3 0.618750 0.292969 0.045313 0.054688
3 0.632031 0.235937 0.059375 0.066016
3 0.675000 0.496875 0.067969 0.071875
3 0.672656 0.590625 0.054297 0.071484
3 0.689063 0.300781 0.046484 0.053125
3 0.757031 0.914062 0.050781 0.088281
3 0.939063 0.546875 0.034766 0.049219
3 0.944531 0.234375 0.045312 0.091406