0 0.119531 0.603906 0.239063 0.617188
0 0.021875 0.134375 0.032031 0.036719
0 0.057031 0.069531 0.014844 0.025000
0 0.073438 0.041406 0.035937 0.038281
0 0.216406 0.178125 0.134375 0.227344
0 0.275000 0.757031 0.035937 0.048437
0 0.332813 0.061719 0.148438 0.122656
0 0.292969 0.528906 0.014063 0.029688
0 0.303906 0.498437 0.010938 0.023438
0 0.346094 0.657031 0.031250 0.038281
0 0.365625 0.907031 0.019531 0.031250
0 0.382812 0.946875 0.032031 0.034375
0 0.382812 0.809375 0.019531 0.034375
0 0.403125 0.798438 0.024219 0.032031
0 0.407031 0.874219 0.019531 0.028125
0 0.421094 0.641406 0.017969 0.024219
0 0.453125 0.018750 0.025781 0.037500
0 0.562500 0.077344 0.017188 0.017969
0 0.578125 0.057031 0.017188 0.026562
0 0.596875 0.057813 0.021094 0.024219