2 0.039062 0.394531 0.078125 0.123438
2 0.064844 0.517969 0.083594 0.157812
2 0.208594 0.470313 0.094531 0.174219
2 0.277344 0.440625 0.023828 0.057031
2 0.324219 0.583594 0.073828 0.171875
2 0.327344 0.456250 0.063672 0.083984
2 0.442188 0.544531 0.052344 0.150781
2 0.550000 0.606250 0.108984 0.184375
2 0.639062 0.464062 0.015625 0.062500
2 0.750781 0.477344 0.032031 0.065625
2 0.776563 0.561719 0.020312 0.090625
2 0.810937 0.643750 0.038281 0.109375
2 0.846094 0.634375 0.047656 0.122656
2 0.879687 0.565625 0.029687 0.046875
2 0.912500 0.521875 0.043750 0.062500