2 0.070312 0.303906 0.128125 0.273438
2 0.197656 0.328125 0.071875 0.194531
2 0.261719 0.194531 0.111328 0.170313
2 0.332031 0.244531 0.064062 0.118750
2 0.392969 0.291406 0.061719 0.091406
2 0.406250 0.180469 0.052734 0.136328
2 0.456250 0.313281 0.080469 0.151953
2 0.510156 0.545312 0.060547 0.143359
2 0.531250 0.273438 0.093750 0.164844
2 0.532813 0.524219 0.093750 0.167188
2 0.639844 0.347656 0.104297 0.239453
2 0.696875 0.372656 0.053906 0.154687
2 0.739844 0.506250 0.043750 0.130469
2 0.817969 0.353906 0.143750 0.282813
2 0.814844 0.525781 0.038281 0.091406