3 0.712500 0.721094 0.192188 0.146094
3 0.071094 0.814063 0.067187 0.154688
3 0.069531 0.687500 0.057813 0.071875
3 0.176563 0.742969 0.146875 0.074219
3 0.194531 0.615625 0.148438 0.062891
3 0.325000 0.738281 0.170313 0.077344
3 0.322656 0.587500 0.101562 0.054688
3 0.337500 0.638281 0.087500 0.046094
3 0.523438 0.732031 0.209375 0.130469
3 0.703906 0.524219 0.116797 0.065625
3 0.693750 0.577344 0.093359 0.061328
3 0.716406 0.627344 0.070703 0.048437
3 0.799219 0.652344 0.114453 0.118750
3 0.813281 0.488281 0.072656 0.037500
3 0.878906 0.720313 0.139453 0.134375
3 0.850781 0.545312 0.065625 0.043359
3 0.883594 0.621875 0.101562 0.058594
3 0.912500 0.577344 0.094531 0.082812