3 0.012500 0.196094 0.023438 0.100000
3 0.064062 0.773438 0.059375 0.083594
3 0.090625 0.662500 0.041406 0.059375
3 0.114062 0.681250 0.050000 0.078906
3 0.147656 0.956250 0.067969 0.085938
3 0.210938 0.928906 0.064844 0.082031
3 0.230469 0.835156 0.064062 0.085156
3 0.321094 0.387500 0.169531 0.211719
3 0.286719 0.197656 0.069531 0.064062
3 0.290625 0.848437 0.070312 0.085156
3 0.333594 0.526563 0.078125 0.087500
3 0.327344 0.920312 0.064062 0.083594
3 0.379688 0.621094 0.085938 0.113281
3 0.465625 0.764062 0.078125 0.098437
3 0.464062 0.969531 0.070312 0.059375
3 0.550000 0.468750 0.235937 0.218750
3 0.489063 0.017188 0.089063 0.034375
3 0.487500 0.072656 0.064844 0.055469
3 0.498437 0.892969 0.064062 0.093750
3 0.534375 0.675781 0.051562 0.031250
3 0.556250 0.740625 0.085938 0.113281
3 0.757812 0.560937 0.103906 0.126562
3 0.767188 0.434375 0.122656 0.159375
3 0.793750 0.040625 0.118750 0.081250
3 0.837500 0.057031 0.081250 0.114062
3 0.884375 0.750000 0.118750 0.150781
3 0.971094 0.550000 0.055469 0.151563