3 0.619531 0.506250 0.186719 0.101562
3 0.024219 0.631250 0.048438 0.053125
3 0.059375 0.575781 0.082812 0.076563
3 0.074219 0.637500 0.066797 0.066016
3 0.135937 0.650000 0.066016 0.071875
3 0.138281 0.582031 0.060937 0.054688
3 0.423438 0.671875 0.107031 0.093750
3 0.443750 0.554688 0.112500 0.071875
3 0.478125 0.480469 0.105469 0.067187
3 0.541406 0.604688 0.139063 0.121484
3 0.576562 0.687500 0.107031 0.080469
3 0.585938 0.400781 0.125781 0.082031
3 0.703906 0.614062 0.161328 0.091406
3 0.711719 0.434375 0.145312 0.097266
3 0.741406 0.310937 0.168750 0.107812
3 0.780469 0.517969 0.161719 0.131250
3 0.783594 0.710156 0.115625 0.098828
3 0.892188 0.305469 0.139844 0.089063
3 0.912500 0.409375 0.117969 0.082031
3 0.939844 0.496875 0.118750 0.123438