3 0.137500 0.616406 0.167187 0.253906
3 0.149219 0.385937 0.172656 0.234375
3 0.159375 0.189062 0.151562 0.188281
3 0.315625 0.663281 0.187891 0.257422
3 0.303125 0.957031 0.162500 0.083203
3 0.325000 0.456250 0.176563 0.228125
3 0.325000 0.247656 0.153906 0.204687
3 0.492969 0.601562 0.178125 0.260156
3 0.492188 0.371094 0.175000 0.259375
3 0.490625 0.182031 0.153125 0.203906
3 0.532813 0.950000 0.180859 0.099219
3 0.654687 0.232813 0.160938 0.207813
3 0.679688 0.660937 0.178906 0.237109
3 0.671094 0.443750 0.158203 0.257031
3 0.749219 0.946094 0.175000 0.105469
3 0.826562 0.167969 0.159766 0.210547
3 0.838281 0.370312 0.165625 0.226562
3 0.856250 0.600781 0.180469 0.260156
3 0.946094 0.950781 0.107422 0.096875