4 0.049219 0.064844 0.076953 0.092188
4 0.049219 0.586719 0.073828 0.101562
4 0.054688 0.677344 0.082031 0.079687
4 0.057813 0.156250 0.082031 0.097656
4 0.058594 0.369531 0.076953 0.103125
4 0.064844 0.266406 0.072656 0.103125
4 0.065625 0.792969 0.071094 0.110937
4 0.068750 0.880469 0.071484 0.057422
4 0.135156 0.418750 0.083594 0.097656
4 0.135156 0.845313 0.067969 0.101562
4 0.129688 0.034375 0.043750 0.031250
4 0.143750 0.524219 0.069531 0.109375
4 0.221094 0.678125 0.079297 0.084766
4 0.217188 0.034375 0.064844 0.050000
4 0.221875 0.787500 0.067969 0.103125
4 0.210156 0.594531 0.039062 0.105078
4 0.744531 0.062500 0.063672 0.100000
4 0.829688 0.210156 0.080859 0.090625
4 0.835938 0.107813 0.077344 0.109375
4 0.828125 0.322656 0.053125 0.105469
4 0.909375 0.066406 0.075781 0.092188
4 0.915625 0.148438 0.087500 0.090625
4 0.907813 0.258594 0.069531 0.100000
4 0.921094 0.370312 0.087500 0.082812
4 0.911719 0.589063 0.064453 0.102344
4 0.924219 0.478125 0.090625 0.112500
4 0.918750 0.880469 0.068359 0.057422
4 0.967187 0.521094 0.031641 0.085547