3 0.087500 0.778125 0.060156 0.097656
3 0.099219 0.825781 0.046875 0.035937
3 0.128906 0.728906 0.064844 0.100000
3 0.153125 0.792188 0.061719 0.089063
3 0.189062 0.762500 0.057031 0.089844
3 0.198437 0.644531 0.065625 0.099219
3 0.209375 0.530469 0.060156 0.085156
3 0.302344 0.353125 0.085156 0.174219
3 0.331250 0.921875 0.063281 0.099219
3 0.371875 0.355469 0.110156 0.174219
3 0.393750 0.509375 0.090625 0.159375
3 0.439844 0.733594 0.088281 0.149219
3 0.478906 0.323437 0.108594 0.170313
3 0.542188 0.179688 0.097656 0.152344
3 0.548438 0.486719 0.094531 0.125000
3 0.530469 0.850000 0.053125 0.082812
3 0.667969 0.847656 0.078906 0.120313
3 0.762500 0.661719 0.079687 0.114844
3 0.867188 0.656250 0.060156 0.100781
3 0.921094 0.604688 0.065625 0.102344