3 0.412500 0.421094 0.107813 0.054688
3 0.011719 0.410156 0.023438 0.039062
3 0.101562 0.535156 0.089844 0.056250
3 0.209375 0.623437 0.064062 0.047656
3 0.209375 0.431250 0.042969 0.030469
3 0.321875 0.308594 0.054688 0.031250
3 0.425781 0.337500 0.046094 0.040625
3 0.510938 0.480469 0.084375 0.035937
3 0.528125 0.622656 0.097656 0.057813
3 0.512500 0.342969 0.051562 0.061719
3 0.542188 0.812500 0.099219 0.054688
3 0.588281 0.276562 0.053125 0.032813
3 0.655469 0.464062 0.059375 0.034375
3 0.743750 0.297656 0.056250 0.028906
3 0.735938 0.395313 0.019531 0.042188
3 0.782031 0.425781 0.041406 0.028906
3 0.911719 0.328906 0.053125 0.030469