1 0.066406 0.877344 0.132812 0.242969
1 0.070312 0.557031 0.139844 0.224219
1 0.072656 0.230469 0.145313 0.207813
1 0.260156 0.789062 0.174219 0.186719
1 0.267969 0.535156 0.176562 0.187500
1 0.272656 0.256250 0.167187 0.206250
1 0.289844 0.042969 0.135937 0.085938
1 0.308594 0.968750 0.067187 0.060156
1 0.425781 0.927344 0.114844 0.142969
1 0.429688 0.727344 0.113281 0.140625
1 0.435156 0.516406 0.114844 0.142969
1 0.440625 0.289844 0.112500 0.160156
1 0.447656 0.079687 0.111719 0.158594
1 0.749219 0.499219 0.499219 0.998437