3 0.536719 0.550781 0.142187 0.192969
3 0.429688 0.567187 0.083594 0.116406
3 0.435937 0.432031 0.076563 0.128906
3 0.488281 0.366406 0.101172 0.170703
3 0.471875 0.264062 0.056250 0.103125
3 0.508594 0.707812 0.109375 0.108594
3 0.510156 0.184375 0.103125 0.161719
3 0.553125 0.296875 0.087500 0.103125
3 0.553125 0.804688 0.065625 0.151562
3 0.614062 0.217188 0.119531 0.133594
3 0.610156 0.614062 0.089063 0.147656
3 0.633594 0.450781 0.128906 0.174219
3 0.633594 0.784375 0.126562 0.178906
3 0.681250 0.642188 0.125781 0.208984
3 0.678125 0.282031 0.107031 0.180469
3 0.760938 0.471875 0.135937 0.166406
3 0.787500 0.569531 0.069141 0.084375