3 0.185156 0.185938 0.339062 0.368750
3 0.022656 0.071094 0.045312 0.057813
3 0.032813 0.632812 0.065625 0.293750
3 0.057031 0.862500 0.114062 0.271875
3 0.089844 0.022656 0.164062 0.045312
3 0.225000 0.678125 0.300000 0.300000
3 0.224219 0.906250 0.201563 0.159375
3 0.416406 0.935937 0.342187 0.125000
3 0.353906 0.036719 0.207813 0.073438
3 0.423438 0.311719 0.262500 0.273438
3 0.371094 0.126562 0.145313 0.115625
3 0.498437 0.753125 0.365625 0.350000
3 0.516406 0.074219 0.182813 0.148438
3 0.580469 0.171094 0.210938 0.226562
3 0.644531 0.012500 0.135937 0.025000
3 0.700781 0.346094 0.198437 0.220313
3 0.775000 0.753906 0.268750 0.329688
3 0.819531 0.474219 0.357812 0.420312
3 0.833594 0.124219 0.304688 0.248438