2 0.029687 0.710938 0.057813 0.099219
2 0.021094 0.724219 0.014062 0.029688
2 0.028906 0.678906 0.009375 0.020312
2 0.126562 0.764844 0.185938 0.331250
2 0.217188 0.744531 0.029687 0.034375
2 0.225000 0.779687 0.027344 0.032812
2 0.223438 0.650000 0.020313 0.035156
2 0.253125 0.773438 0.022656 0.025781
2 0.256250 0.595313 0.017969 0.029688
2 0.314063 0.544531 0.103906 0.139063
2 0.282031 0.775000 0.017188 0.032031
2 0.321875 0.325000 0.017969 0.028125
2 0.332031 0.353906 0.020313 0.028906
2 0.333594 0.283594 0.015625 0.029687
2 0.346094 0.271875 0.008594 0.021094
2 0.353125 0.276562 0.017969 0.029687
2 0.369531 0.190625 0.017969 0.032031
2 0.403125 0.214062 0.078906 0.113281
2 0.403125 0.284375 0.022656 0.035156
2 0.439844 0.322656 0.025000 0.026563
2 0.485938 0.211719 0.026562 0.032031
2 0.483594 0.188281 0.016406 0.018750