3 0.146875 0.643750 0.041406 0.064062
3 0.185938 0.607812 0.043750 0.058594
3 0.185938 0.656250 0.042188 0.050781
3 0.223438 0.285938 0.058594 0.050000
3 0.221094 0.171875 0.046094 0.051562
3 0.220312 0.196094 0.042188 0.056250
3 0.243750 0.239844 0.057813 0.060937
3 0.245312 0.381250 0.054688 0.093750
3 0.262500 0.135937 0.028125 0.031250
3 0.275781 0.189062 0.045312 0.041406
3 0.273438 0.160938 0.035937 0.046094
3 0.281250 0.313281 0.051562 0.046094
3 0.300781 0.586719 0.048438 0.073438
3 0.299219 0.234375 0.039062 0.050000
3 0.308594 0.670312 0.042969 0.125000
3 0.310937 0.551562 0.047656 0.110156
3 0.319531 0.274219 0.042188 0.051562
3 0.317969 0.142969 0.032813 0.035156
3 0.329688 0.714063 0.036719 0.073438
3 0.348438 0.222656 0.045312 0.065625
3 0.359375 0.751563 0.061719 0.071094
3 0.347656 0.506250 0.035156 0.038281
3 0.354687 0.610938 0.040625 0.064062
3 0.356250 0.553906 0.038281 0.057031
3 0.359375 0.123438 0.030469 0.051562
3 0.371875 0.797656 0.045312 0.078906
3 0.374219 0.257031 0.042188 0.042188
3 0.375781 0.163281 0.045312 0.057031
3 0.389062 0.682031 0.064063 0.102344
3 0.385937 0.190625 0.050000 0.071094
3 0.392188 0.913281 0.060937 0.089844
3 0.394531 0.610156 0.053906 0.084375
3 0.392969 0.842187 0.041406 0.064062
3 0.396094 0.532031 0.035156 0.078906
3 0.400781 0.486719 0.033594 0.035156
3 0.418750 0.315625 0.060937 0.075000
3 0.425781 0.964844 0.070312 0.067969
3 0.423438 0.660156 0.042188 0.046094
3 0.431250 0.792969 0.051562 0.069531
3 0.434375 0.693750 0.045312 0.067969
3 0.451562 0.885156 0.069531 0.117188
3 0.439063 0.602344 0.040625 0.069531
3 0.446875 0.542969 0.056250 0.071094
3 0.440625 0.496094 0.024219 0.046875
3 0.464062 0.742188 0.053906 0.063281
3 0.462500 0.632812 0.035937 0.096875
3 0.477344 0.474219 0.043750 0.055469
3 0.482812 0.531250 0.047656 0.080469
3 0.489063 0.828125 0.059375 0.063281
3 0.506250 0.903906 0.045312 0.087500
3 0.508594 0.712500 0.028125 0.080469
3 0.520312 0.636719 0.050000 0.057031
3 0.517969 0.517188 0.039062 0.064844
3 0.534375 0.578125 0.042188 0.067969
3 0.542969 0.705469 0.041406 0.059375
3 0.561719 0.774219 0.065625 0.071094
3 0.557813 0.869531 0.051562 0.096875
3 0.568750 0.603125 0.046094 0.075000
3 0.564063 0.545312 0.024219 0.028906
3 0.582812 0.666406 0.052344 0.075000
3 0.601562 0.843750 0.053906 0.105469
3 0.615625 0.815625 0.067187 0.080469
3 0.621875 0.736719 0.062500 0.065625
3 0.620313 0.688281 0.048437 0.024219
3 0.622656 0.627344 0.039062 0.064844
3 0.661719 0.797656 0.051562 0.093750