3 0.007812 0.510156 0.015625 0.065625
3 0.035937 0.632031 0.025000 0.050000
3 0.085156 0.570312 0.046875 0.050000
3 0.113281 0.307812 0.060937 0.077344
3 0.192188 0.861719 0.066016 0.089453
3 0.207813 0.339062 0.059375 0.066406
3 0.221875 0.732812 0.084375 0.096875
3 0.253906 0.235937 0.057813 0.075781
3 0.291406 0.661719 0.092187 0.114062
3 0.300000 0.296094 0.046875 0.053125
3 0.350781 0.757812 0.081250 0.087891
3 0.380469 0.352344 0.029687 0.050000
3 0.489844 0.510156 0.085938 0.107813
3 0.535937 0.392188 0.076563 0.066406
3 0.583594 0.744531 0.068750 0.083203
3 0.821875 0.634375 0.086719 0.121484
3 0.904687 0.833594 0.081250 0.101562
3 0.904687 0.983594 0.070312 0.030469
3 0.928125 0.680469 0.096875 0.096875
3 0.942969 0.785937 0.070312 0.082812
3 0.992188 0.271094 0.015234 0.092578