3 0.051562 0.523438 0.103125 0.325000
3 0.091406 0.228906 0.182812 0.367188
3 0.101562 0.810937 0.203125 0.278906
3 0.180469 0.539844 0.225000 0.334375
3 0.289844 0.782031 0.235156 0.303125
3 0.287500 0.233594 0.218359 0.337500
3 0.416406 0.502344 0.222656 0.338281
3 0.521875 0.220312 0.268750 0.310156
3 0.503906 0.794531 0.223828 0.312500
3 0.634375 0.494531 0.257812 0.373437
3 0.749219 0.762500 0.250000 0.332031
3 0.772656 0.181250 0.231250 0.262891
3 0.884375 0.415625 0.228125 0.365234
3 0.894531 0.913281 0.176953 0.060937
3 0.932813 0.735938 0.133594 0.349609
3 0.946094 0.157812 0.106250 0.196094