2 0.104688 0.314063 0.112500 0.082812
2 0.153906 0.517188 0.023047 0.044141
2 0.164062 0.455469 0.021875 0.054688
2 0.189062 0.488281 0.028906 0.062500
2 0.191406 0.925000 0.032813 0.024219
2 0.218750 0.502344 0.032813 0.068750
2 0.225781 0.928906 0.033594 0.021094
2 0.793750 0.396875 0.040234 0.096875
2 0.791406 0.244531 0.025781 0.064062
2 0.805469 0.842969 0.026563 0.050000
2 0.935156 0.257031 0.113672 0.079687
2 0.953906 0.843750 0.090625 0.048438
2 0.978125 0.460156 0.020313 0.044531
2 0.991406 0.390625 0.015625 0.056250