0 0.639844 0.426563 0.282813 0.226562
0 0.007812 0.589844 0.015625 0.029687
0 0.009375 0.631250 0.017969 0.024219
0 0.028906 0.570312 0.042188 0.031250
0 0.038281 0.537500 0.052344 0.029688
0 0.035156 0.246875 0.017969 0.014063
0 0.047656 0.334375 0.039062 0.025781
0 0.084375 0.020313 0.107031 0.039844
0 0.071094 0.505469 0.026562 0.023438
0 0.223438 0.582031 0.082031 0.057813
0 0.257031 0.053125 0.136719 0.100781
0 0.357031 0.742969 0.304688 0.217188
0 0.423438 0.886719 0.284375 0.179688
0 0.429688 0.282813 0.269531 0.230469
0 0.410938 0.154688 0.022656 0.015625
0 0.699219 0.210938 0.289062 0.224219
0 0.574219 0.275000 0.029687 0.020312
0 0.575000 0.260937 0.013281 0.010156
0 0.642188 0.621875 0.057031 0.032812
0 0.648438 0.675000 0.032031 0.020312
0 0.725781 0.605469 0.059375 0.030469
0 0.745313 0.635938 0.057031 0.020312
0 0.746875 0.746875 0.047656 0.020312
0 0.758594 0.933594 0.029688 0.040625
0 0.786719 0.605469 0.050000 0.034375
0 0.798438 0.641406 0.054688 0.037500
0 0.796875 0.381250 0.034375 0.025781
0 0.815625 0.370312 0.021094 0.014063
0 0.826562 0.963281 0.038281 0.021875
0 0.885938 0.426563 0.034375 0.028906
0 0.914844 0.598437 0.025000 0.022656
0 0.984375 0.325781 0.025000 0.011719