3 0.323437 0.054688 0.031250 0.040234
3 0.398438 0.155469 0.032813 0.041406
3 0.414062 0.078125 0.039062 0.036719
3 0.412500 0.117188 0.019531 0.047656
3 0.412500 0.183594 0.020313 0.020313
3 0.436719 0.112500 0.014063 0.021875
3 0.454688 0.619531 0.022266 0.041797
3 0.471875 0.700000 0.028516 0.053125
3 0.483594 0.389844 0.020313 0.033594
3 0.523438 0.403906 0.022656 0.028125
3 0.579688 0.547656 0.035937 0.028125
3 0.576562 0.304688 0.027734 0.021094
3 0.604688 0.247656 0.035156 0.051562
3 0.832812 0.620313 0.027344 0.042969
3 0.836719 0.715625 0.026562 0.041016
3 0.854688 0.742188 0.023438 0.032031
3 0.857031 0.674219 0.014063 0.054688
3 0.907813 0.745313 0.033594 0.037109
3 0.943750 0.728125 0.027734 0.025781
3 0.982812 0.422656 0.031250 0.061328