3 0.881250 0.704688 0.111719 0.133594
3 0.087500 0.853906 0.117188 0.115625
3 0.120313 0.795312 0.083594 0.085156
3 0.183594 0.872656 0.095312 0.136328
3 0.268750 0.854688 0.081250 0.135156
3 0.354687 0.907031 0.116406 0.113672
3 0.346875 0.803125 0.075781 0.071484
3 0.445312 0.823438 0.089844 0.107813
3 0.461719 0.730469 0.084375 0.123438
3 0.528125 0.834375 0.078125 0.107813
3 0.551562 0.725781 0.092188 0.133594
3 0.607031 0.820312 0.073438 0.117188
3 0.754687 0.696094 0.115234 0.131250
3 0.812500 0.621094 0.060937 0.088281
3 0.850000 0.631250 0.086719 0.093359
3 0.955469 0.692187 0.088281 0.161719