3 0.097656 0.229687 0.024219 0.044531
3 0.146094 0.163281 0.038672 0.054688
3 0.318750 0.139844 0.034375 0.047656
3 0.352344 0.142969 0.035937 0.055469
3 0.360156 0.318750 0.041406 0.038281
3 0.364063 0.294531 0.037500 0.050000
3 0.381250 0.533594 0.029687 0.046094
3 0.390625 0.565625 0.024219 0.040625
3 0.418750 0.539062 0.026562 0.035156
3 0.425000 0.059375 0.038281 0.065625
3 0.433594 0.152344 0.042188 0.055469
3 0.439844 0.527344 0.020313 0.042188
3 0.461719 0.012500 0.035156 0.024219
3 0.460156 0.046875 0.026562 0.051562
3 0.465625 0.595313 0.028125 0.043359
3 0.489844 0.321094 0.025781 0.046875
3 0.517188 0.339844 0.034766 0.044922
3 0.548438 0.571875 0.028125 0.031250
3 0.569531 0.489844 0.023828 0.040625
3 0.614062 0.133594 0.040234 0.060547
3 0.624219 0.399219 0.032812 0.051953
3 0.634375 0.205469 0.041016 0.061328
3 0.653125 0.271094 0.025781 0.046094
3 0.682813 0.442969 0.032812 0.038281
3 0.712500 0.274219 0.039062 0.051562
3 0.769531 0.337500 0.039453 0.068359
3 0.816406 0.216406 0.032422 0.048047
3 0.842969 0.428906 0.033203 0.057422
3 0.960156 0.225000 0.032422 0.053516
3 0.986719 0.390625 0.026172 0.050000