0 0.234375 0.084375 0.150000 0.168750
0 0.015625 0.021094 0.031250 0.041797
0 0.141406 0.089063 0.084375 0.157031
0 0.167969 0.271875 0.120703 0.136719
0 0.237500 0.196094 0.099609 0.060547
0 0.342969 0.357812 0.085938 0.128906
0 0.438281 0.365625 0.108203 0.137500
0 0.442188 0.967969 0.083594 0.061719
0 0.496094 0.173437 0.095312 0.112500
0 0.533594 0.203906 0.059375 0.092187
0 0.616406 0.934375 0.045703 0.080859
0 0.806250 0.616406 0.385937 0.474219
0 0.751563 0.111719 0.112500 0.150000
0 0.956250 0.030469 0.085938 0.060937
0 0.976562 0.310156 0.045312 0.144531