2 0.007812 0.717187 0.014844 0.043750
2 0.011719 0.683594 0.023438 0.029687
2 0.107031 0.372656 0.214062 0.238281
2 0.069531 0.721875 0.126562 0.192969
2 0.171875 0.591406 0.018359 0.050000
2 0.225000 0.009375 0.021875 0.018750
2 0.232813 0.989062 0.028125 0.020313
2 0.252344 0.010937 0.023438 0.021875
2 0.260156 0.980469 0.019922 0.036328
2 0.327344 0.064844 0.135937 0.129688
2 0.285938 0.978125 0.021875 0.042969
2 0.583594 0.064844 0.139063 0.129688
2 0.830469 0.328125 0.172656 0.219531
2 0.940625 0.731250 0.117969 0.182031
2 0.955469 0.533594 0.033594 0.040625
2 0.983594 0.570312 0.031250 0.043359