0 0.286719 0.853125 0.126563 0.159766
0 0.017188 0.579688 0.033594 0.123438
0 0.021875 0.715625 0.043750 0.144531
0 0.027344 0.455469 0.054688 0.175000
0 0.032031 0.334375 0.054297 0.144531
1 0.940625 0.482812 0.118750 0.252734
1 0.044531 0.810156 0.089063 0.299219
1 0.078125 0.336719 0.044531 0.353125
1 0.089063 0.867969 0.053906 0.261719
1 0.126562 0.238281 0.075781 0.295312
1 0.136719 0.341406 0.073438 0.262500
1 0.139063 0.850000 0.050000 0.210938
1 0.506250 0.526563 0.240625 0.853906
2 0.764062 0.489063 0.465625 0.978125