0 0.047656 0.167969 0.095312 0.174219
0 0.050781 0.403125 0.101562 0.132031
0 0.096875 0.039844 0.193750 0.078906
0 0.144531 0.670312 0.288281 0.418750
0 0.061719 0.953125 0.117188 0.091406
0 0.168750 0.228906 0.128906 0.079687
0 0.267188 0.407031 0.221094 0.221094
0 0.226562 0.060937 0.121094 0.063281
0 0.268750 0.260937 0.162500 0.135937
0 0.389062 0.881250 0.330469 0.233594
0 0.318750 0.134375 0.140625 0.163281
0 0.407813 0.035156 0.240625 0.070312
0 0.428906 0.704688 0.245312 0.199219
0 0.482031 0.162500 0.169531 0.197656
0 0.534375 0.383594 0.268750 0.331250
0 0.732812 0.153125 0.426563 0.305469
0 0.720313 0.865625 0.306250 0.267188
0 0.697656 0.631250 0.242188 0.195312
0 0.733594 0.433594 0.191406 0.242188
0 0.877344 0.360938 0.244531 0.382031
0 0.869531 0.982812 0.103906 0.032031
0 0.916406 0.598437 0.166406 0.186719
0 0.942969 0.809375 0.113281 0.215625
0 0.957812 0.978125 0.082812 0.042188