2 0.214062 0.467969 0.276562 0.314063
2 0.537500 0.555469 0.249219 0.310938
2 0.453125 0.251563 0.017969 0.025000
2 0.472656 0.164062 0.017188 0.031250
2 0.490625 0.164062 0.015625 0.031250
2 0.528125 0.078125 0.015625 0.021094
2 0.528906 0.082031 0.008203 0.023438
2 0.539062 0.056250 0.015625 0.021875
2 0.548438 0.100000 0.014063 0.017187
2 0.560937 0.116406 0.010156 0.017188
2 0.930469 0.496094 0.136328 0.244922
2 0.942187 0.178906 0.014844 0.027344
2 0.962500 0.009375 0.018750 0.017969
2 0.977344 0.021094 0.043750 0.041797
2 0.965625 0.028906 0.017969 0.023438
2 0.986719 0.032031 0.008203 0.014063
2 0.991406 0.010937 0.014063 0.021875