3 0.046875 0.732812 0.036719 0.032812
3 0.076563 0.710938 0.040625 0.035937
3 0.077344 0.753125 0.016797 0.030859
3 0.088281 0.892188 0.022656 0.021875
3 0.109375 0.747656 0.006641 0.010937
3 0.163281 0.775000 0.022656 0.041406
3 0.173437 0.874219 0.025000 0.017188
3 0.282813 0.329688 0.042969 0.041406
3 0.289062 0.783594 0.028906 0.051562
3 0.299219 0.521875 0.032813 0.036719
3 0.323437 0.476562 0.042969 0.042188
3 0.324219 0.932813 0.040625 0.032813
3 0.347656 0.365625 0.036719 0.035937
3 0.367969 0.448437 0.035937 0.033984
3 0.385156 0.832031 0.038281 0.035937
3 0.391406 0.792188 0.025000 0.026562
3 0.398438 0.715625 0.039062 0.054688
3 0.409375 0.464062 0.032031 0.034375
3 0.412500 0.812500 0.029687 0.023438
3 0.439844 0.276562 0.084375 0.060937
3 0.442969 0.412500 0.050000 0.044531
3 0.445312 0.711719 0.040625 0.041797
3 0.477344 0.575000 0.050000 0.030469
3 0.520312 0.233594 0.053906 0.017188
3 0.509375 0.950781 0.026562 0.034375
3 0.537500 0.607812 0.049219 0.037500
3 0.559375 0.966406 0.036719 0.037500
3 0.564063 0.702344 0.040625 0.039062
3 0.647656 0.395313 0.059375 0.033594
3 0.651563 0.559375 0.043359 0.030859
3 0.642188 0.764062 0.020313 0.029688
3 0.667188 0.579688 0.061719 0.042188
3 0.733594 0.507812 0.042578 0.043359
3 0.754687 0.323437 0.053906 0.039844
3 0.846094 0.828125 0.064062 0.037500
3 0.850781 0.540625 0.054688 0.049219
3 0.880469 0.617969 0.035937 0.044531
3 0.898438 0.350781 0.072656 0.049219
3 0.920312 0.634375 0.021484 0.025391
3 0.944531 0.284375 0.041406 0.025781
3 0.952344 0.324219 0.057813 0.061719
3 0.947656 0.879687 0.034375 0.022656
3 0.969531 0.785937 0.059375 0.051562
3 0.985156 0.305469 0.026953 0.048438
3 0.992969 0.793750 0.011328 0.030859