3 0.392969 0.634375 0.157031 0.081250
3 0.119531 0.579688 0.123828 0.084375
3 0.214844 0.528125 0.103125 0.060156
3 0.290625 0.560156 0.053516 0.051562
3 0.350000 0.487500 0.090625 0.061719
3 0.382812 0.557813 0.109375 0.057031
3 0.434375 0.479687 0.093359 0.085156
3 0.460156 0.427344 0.109375 0.057031
3 0.493750 0.532031 0.112500 0.067187
3 0.503125 0.600000 0.100781 0.072656
3 0.597656 0.634375 0.152344 0.077344
3 0.582812 0.438281 0.078906 0.065625
3 0.593750 0.492188 0.088281 0.060156
3 0.640625 0.567187 0.097266 0.058984
3 0.688281 0.451562 0.084375 0.059766
3 0.721875 0.634375 0.152734 0.077734
3 0.700781 0.495312 0.084375 0.058984
3 0.763281 0.557031 0.101172 0.064453
3 0.787500 0.497656 0.072656 0.053125
3 0.818750 0.541406 0.118750 0.065625
3 0.849219 0.614062 0.135156 0.067187
3 0.892188 0.600781 0.105859 0.070312
3 0.922656 0.581250 0.079687 0.082031