3 0.017188 0.142969 0.034375 0.051172
3 0.152344 0.246094 0.163281 0.172656
3 0.353906 0.167187 0.072656 0.107813
3 0.485938 0.784375 0.054688 0.042188
3 0.495312 0.839063 0.067969 0.071875
3 0.500000 0.387500 0.028125 0.065625
3 0.510938 0.232031 0.043750 0.062500
3 0.523438 0.761719 0.053516 0.064062
3 0.585156 0.278906 0.065625 0.092187
3 0.627344 0.528906 0.133203 0.175000
3 0.589063 0.371875 0.053906 0.090625
3 0.625781 0.630469 0.098437 0.093750
3 0.655469 0.819531 0.130078 0.159375
3 0.744531 0.625000 0.101172 0.122266
3 0.777344 0.777344 0.129688 0.164844
3 0.828125 0.516406 0.095312 0.117188
3 0.868750 0.961719 0.087109 0.075000
3 0.853906 0.748437 0.041797 0.106641
3 0.900781 0.342187 0.109375 0.144141
3 0.926562 0.706250 0.114062 0.134375