3 0.203125 0.540625 0.020313 0.026562
3 0.234375 0.610156 0.030469 0.028125
3 0.242969 0.544531 0.014063 0.029688
3 0.253906 0.492188 0.029297 0.012109
3 0.291406 0.575000 0.029297 0.025391
3 0.298438 0.281250 0.028516 0.030469
3 0.309375 0.590625 0.019531 0.037109
3 0.336719 0.621875 0.020312 0.025391
3 0.346094 0.544531 0.026172 0.019922
3 0.364844 0.064844 0.021875 0.026562
3 0.371875 0.019531 0.035937 0.021875
3 0.380469 0.487500 0.029297 0.019141
3 0.417187 0.053125 0.044141 0.013281
3 0.410938 0.618750 0.028516 0.019141
3 0.415625 0.667188 0.013281 0.027344
3 0.424219 0.470313 0.017188 0.009766
3 0.429688 0.583594 0.028906 0.028125
3 0.456250 0.501563 0.019531 0.027344
3 0.472656 0.645312 0.026172 0.021875
3 0.483594 0.505469 0.037500 0.017969
3 0.496094 0.697656 0.027344 0.030469
3 0.496875 0.585938 0.021875 0.020313
3 0.509375 0.673438 0.027344 0.024219
3 0.554688 0.686719 0.035937 0.011719
3 0.564063 0.519531 0.044141 0.015625
3 0.573438 0.483594 0.049219 0.026562
3 0.585156 0.163281 0.026172 0.017578
3 0.593750 0.681250 0.028906 0.019531
3 0.600000 0.115625 0.030859 0.025781
3 0.619531 0.329688 0.056250 0.033594
3 0.609375 0.697656 0.018750 0.012500
3 0.653906 0.503125 0.053125 0.028125
3 0.666406 0.432031 0.037500 0.026172
3 0.708594 0.400781 0.032812 0.026172
3 0.725000 0.642188 0.027344 0.028125
3 0.725781 0.255469 0.026172 0.023047
3 0.725781 0.666406 0.026172 0.019922
3 0.734375 0.697656 0.028906 0.011719
3 0.753906 0.550781 0.030078 0.021875
3 0.756250 0.274219 0.036719 0.023828
3 0.748437 0.728906 0.014063 0.010156
3 0.778125 0.515625 0.034375 0.036719
3 0.782813 0.142187 0.030469 0.024219
3 0.780469 0.176563 0.021875 0.021094
3 0.796094 0.566406 0.029297 0.032422
3 0.800000 0.369531 0.024609 0.026563
3 0.834375 0.476562 0.034375 0.040625
3 0.950781 0.661719 0.027344 0.020313
3 0.967187 0.676562 0.034375 0.010156