4 0.221875 0.925781 0.060937 0.063281
4 0.230469 0.675781 0.043750 0.132812
4 0.232813 0.419531 0.047656 0.063281
4 0.364063 0.813281 0.060937 0.120313
4 0.364844 0.532031 0.059375 0.135547
4 0.367969 0.237500 0.041406 0.128906
4 0.503906 0.376563 0.057031 0.128906
4 0.507031 0.668750 0.059375 0.130469
4 0.507031 0.917969 0.047656 0.080469
4 0.642969 0.812500 0.059375 0.126562
4 0.645312 0.520312 0.055469 0.124219
4 0.636719 0.232031 0.027344 0.130469
4 0.764062 0.431250 0.028906 0.027734
4 0.774219 0.674219 0.037500 0.132812
4 0.782031 0.919531 0.045313 0.071875