0 0.532813 0.770312 0.053906 0.035937
0 0.571094 0.773438 0.049219 0.039062
0 0.607812 0.377344 0.032812 0.053125
0 0.614844 0.785156 0.039062 0.023438
0 0.682813 0.725000 0.058594 0.041406
0 0.698438 0.946875 0.017969 0.031250
0 0.747656 0.577344 0.044531 0.035937
0 0.760938 0.912500 0.057031 0.037500
0 0.771875 0.872656 0.051562 0.039062
0 0.793750 0.529687 0.074219 0.042188
0 0.795312 0.836719 0.035937 0.025781
0 0.819531 0.549219 0.080469 0.044531
0 0.853906 0.844531 0.046094 0.031250
0 0.887500 0.446875 0.094531 0.067187
0 0.867969 0.978125 0.039062 0.025781