3 0.575000 0.658594 0.082031 0.082812
3 0.303125 0.312500 0.046484 0.067969
3 0.327344 0.343750 0.039453 0.050000
3 0.340625 0.538281 0.043359 0.073828
3 0.361719 0.619531 0.046875 0.098437
3 0.388281 0.557813 0.042578 0.078516
3 0.394531 0.323437 0.051172 0.055859
3 0.390625 0.492188 0.027344 0.055469
3 0.399219 0.291406 0.035547 0.042578
3 0.413281 0.452344 0.053906 0.087500
3 0.413281 0.317969 0.046875 0.044531
3 0.416406 0.628906 0.039062 0.061328
3 0.420312 0.500000 0.039062 0.071094
3 0.430469 0.279687 0.032813 0.031250
3 0.439844 0.484375 0.021875 0.060156
3 0.452344 0.267188 0.031250 0.040234
3 0.463281 0.584375 0.040625 0.094141
3 0.465625 0.307031 0.032031 0.034375
3 0.481250 0.489844 0.043750 0.070703
3 0.479687 0.268750 0.025000 0.031250
3 0.493750 0.661719 0.042969 0.114062
3 0.500781 0.300781 0.026172 0.038672
3 0.512500 0.246875 0.021094 0.042969
3 0.524219 0.580469 0.042969 0.087500
3 0.535156 0.369531 0.042969 0.058594
3 0.530469 0.264062 0.014844 0.034375
3 0.563281 0.466406 0.067969 0.092969
3 0.564844 0.327344 0.032422 0.073828
3 0.592187 0.559375 0.064844 0.132031
3 0.582812 0.268750 0.032812 0.046094
3 0.606250 0.306250 0.042969 0.050000
3 0.605469 0.395313 0.035547 0.050000
3 0.627344 0.296875 0.032812 0.042969
3 0.632031 0.380469 0.032422 0.067187
3 0.666406 0.646875 0.068750 0.122266
3 0.664062 0.553906 0.052734 0.123828
3 0.660937 0.296094 0.025391 0.046875
3 0.714844 0.500000 0.043750 0.085938
3 0.778906 0.549219 0.093750 0.127344
3 0.784375 0.484375 0.085938 0.105469
3 0.816406 0.645312 0.067187 0.107031
3 0.828125 0.553906 0.072266 0.079297
3 0.900781 0.466406 0.063281 0.070312
3 0.911719 0.635938 0.070703 0.100000
3 0.914062 0.545312 0.059766 0.071094
3 0.965625 0.565625 0.059375 0.111719
3 0.960156 0.474219 0.042578 0.076953
3 0.985156 0.636719 0.028125 0.098437