1 0.829688 0.502344 0.111719 0.189062
1 0.429688 0.092188 0.014844 0.047656
1 0.443750 0.114062 0.030469 0.096094
1 0.485156 0.153906 0.053125 0.083594
4 0.082812 0.866406 0.164844 0.257031
4 0.144531 0.723437 0.242188 0.551562
4 0.237500 0.669531 0.421094 0.430469
4 0.187500 0.718750 0.218750 0.342187
4 0.137500 0.030469 0.050000 0.060937
4 0.221094 0.042969 0.089063 0.085938
4 0.375000 0.923438 0.211719 0.151562
4 0.392188 0.090625 0.064062 0.180469
4 0.450781 0.099219 0.055469 0.192188
4 0.503125 0.187500 0.051562 0.051562