1 0.281250 0.448437 0.253125 0.193750
3 0.546094 0.560937 0.126562 0.112500
3 0.014844 0.391406 0.029687 0.060937
3 0.416406 0.521094 0.110938 0.089063
3 0.460938 0.460938 0.084375 0.075000
3 0.538281 0.435937 0.070312 0.090625
3 0.589063 0.486719 0.093750 0.098437
3 0.687500 0.513281 0.090625 0.085938
3 0.696875 0.742188 0.078125 0.115625
3 0.710156 0.640625 0.064062 0.065625
3 0.749219 0.578125 0.095312 0.106250
3 0.771875 0.660937 0.087500 0.037500
3 0.811719 0.725000 0.129687 0.106250
3 0.862500 0.590625 0.078125 0.087500
3 0.902344 0.731250 0.117188 0.115625
3 0.931250 0.552344 0.071875 0.079687
3 0.932031 0.367969 0.070312 0.048438
3 0.933594 0.633594 0.054688 0.057813
3 0.963281 0.696875 0.070312 0.103125
3 0.986719 0.410156 0.023438 0.079687