1 0.829688 0.501563 0.247266 0.262109
1 0.796875 0.305469 0.253906 0.258594
1 0.871094 0.745313 0.082422 0.296484
1 0.942187 0.760156 0.084375 0.271875
1 0.950000 0.097656 0.096094 0.077344
1 0.959375 0.781250 0.078125 0.309375
1 0.970313 0.233594 0.056250 0.066406
1 0.989844 0.265625 0.015625 0.040234
3 0.156250 0.575000 0.311719 0.279687
3 0.393750 0.413281 0.256250 0.271875
3 0.471875 0.303906 0.107031 0.143750
3 0.507031 0.225000 0.097656 0.120313
3 0.563281 0.335938 0.098047 0.090625
3 0.625000 0.111719 0.193750 0.197656
3 0.599219 0.273438 0.101953 0.135156
3 0.781250 0.056250 0.197266 0.112109