0 0.021875 0.938281 0.042969 0.025781
0 0.028125 0.187500 0.056250 0.022266
0 0.056250 0.489063 0.112109 0.383984
0 0.046094 0.929688 0.026172 0.021875
0 0.078125 0.117188 0.043750 0.035937
0 0.712500 0.227344 0.534375 0.454688
0 0.547656 0.679688 0.075000 0.042969
0 0.563281 0.604688 0.047656 0.029688
0 0.647656 0.692969 0.042969 0.040625
0 0.802344 0.801562 0.054297 0.028906
0 0.811719 0.766406 0.073828 0.044922
0 0.890625 0.529687 0.077734 0.056250
0 0.896875 0.822656 0.064844 0.039062
0 0.952344 0.857031 0.071875 0.034375
0 0.960156 0.752344 0.078125 0.061328