3 0.062500 0.576562 0.080469 0.097656
3 0.067969 0.976562 0.050781 0.046094
3 0.068750 0.139844 0.041406 0.061719
3 0.068750 0.092969 0.035937 0.051562
3 0.076563 0.450781 0.035156 0.053125
3 0.157812 0.360938 0.033594 0.054688
3 0.176563 0.321875 0.011719 0.042969
3 0.182812 0.303906 0.021875 0.037500
3 0.215625 0.246875 0.033594 0.037500
3 0.371875 0.020313 0.019531 0.035937
3 0.453125 0.457031 0.073438 0.103125
3 0.585938 0.010937 0.037500 0.021875
3 0.609375 0.446094 0.054688 0.063281
3 0.698438 0.146875 0.053125 0.092188
3 0.956250 0.110156 0.057813 0.082031