2 0.033594 0.789062 0.028906 0.035937
2 0.062500 0.796875 0.028125 0.035156
2 0.068750 0.325000 0.033594 0.041406
2 0.085938 0.352344 0.029687 0.045312
2 0.121875 0.380469 0.032813 0.046875
2 0.242969 0.777344 0.079687 0.077344
2 0.233594 0.495312 0.019531 0.037500
2 0.271094 0.458594 0.017188 0.046875
2 0.271875 0.440625 0.017969 0.017188
2 0.289062 0.872656 0.025000 0.041406
2 0.293750 0.429688 0.025781 0.051562
2 0.296875 0.919531 0.023438 0.032813
2 0.300000 0.617188 0.026563 0.041406
2 0.309375 0.507812 0.021875 0.038281
2 0.318750 0.633594 0.028125 0.041406
2 0.317969 0.920312 0.023438 0.036719
2 0.327344 0.454688 0.032813 0.057031
2 0.328125 0.934375 0.019531 0.034375
2 0.343750 0.635938 0.020313 0.036719
2 0.348438 0.519531 0.027344 0.034375
2 0.408594 0.246094 0.136719 0.153125
2 0.471094 0.118750 0.159375 0.230469
2 0.457813 0.860938 0.121094 0.119531
2 0.487500 0.471094 0.109375 0.121094
2 0.635938 0.312500 0.035156 0.046875
2 0.667188 0.209375 0.035156 0.046875
2 0.696875 0.115625 0.037500 0.028906
2 0.726562 0.085938 0.039062 0.048438
2 0.725000 0.196875 0.025781 0.032813
2 0.756250 0.101562 0.035156 0.045312
2 0.769531 0.194531 0.025000 0.021094
2 0.787500 0.128125 0.032813 0.014844
2 0.828125 0.763281 0.026562 0.039844
2 0.832031 0.800000 0.026562 0.041406
2 0.843750 0.742969 0.025781 0.045313
2 0.861719 0.660156 0.028125 0.042969
2 0.868750 0.632031 0.025000 0.028906
2 0.891406 0.633594 0.017969 0.032812
2 0.946094 0.826562 0.025000 0.042969
2 0.956250 0.924219 0.026562 0.035156
2 0.972656 0.938281 0.017969 0.027344
2 0.986719 0.841406 0.025781 0.041406
2 0.986719 0.923438 0.025781 0.036719