3 0.338281 0.339844 0.088281 0.120313
3 0.026562 0.435156 0.052734 0.170313
3 0.027344 0.573438 0.054688 0.122266
3 0.045312 0.781250 0.089844 0.147656
3 0.075000 0.912500 0.143359 0.169531
3 0.127344 0.539844 0.131250 0.114453
3 0.143750 0.435937 0.107031 0.107813
3 0.161719 0.816406 0.126953 0.187500
3 0.206250 0.935156 0.124219 0.125000
3 0.210938 0.376563 0.077344 0.087500
3 0.264844 0.816406 0.127344 0.207813
3 0.269531 0.623437 0.117578 0.166406
3 0.278906 0.323437 0.103125 0.137500
3 0.335938 0.167187 0.097656 0.120313
3 0.373437 0.903906 0.153906 0.152344
3 0.355469 0.582812 0.088672 0.115234
3 0.378906 0.745313 0.123438 0.165234
3 0.435937 0.145313 0.084375 0.100000
3 0.463281 0.527344 0.097656 0.139844
3 0.485938 0.648438 0.116016 0.127734
3 0.519531 0.903906 0.131250 0.187500
3 0.541406 0.123438 0.061719 0.087500
3 0.574219 0.497656 0.093750 0.110547
3 0.599219 0.747656 0.117969 0.160156
3 0.606250 0.423438 0.082812 0.102344
3 0.650781 0.939844 0.150000 0.114453
3 0.616406 0.329688 0.073438 0.096094
3 0.627344 0.178906 0.069922 0.112500
3 0.671094 0.291406 0.065625 0.107812
3 0.708594 0.845313 0.140625 0.154688
3 0.680469 0.560156 0.076563 0.125000
3 0.700781 0.401562 0.080469 0.072656
3 0.694531 0.110156 0.051953 0.085547
3 0.717969 0.725000 0.092188 0.125000
3 0.735156 0.264062 0.051953 0.083594
3 0.746094 0.178906 0.065625 0.076953
3 0.742188 0.132812 0.046875 0.060156
3 0.799219 0.833594 0.108203 0.151953
3 0.799219 0.571094 0.089844 0.137500
3 0.800781 0.685156 0.079297 0.145313
3 0.798438 0.266406 0.062109 0.107813
3 0.858594 0.337500 0.073438 0.109766
3 0.865625 0.710156 0.050781 0.150000
3 0.906250 0.706250 0.048438 0.132812
3 0.921875 0.598437 0.075781 0.108594
3 0.950000 0.491406 0.094531 0.112500
3 0.980469 0.589063 0.035937 0.116406