0 0.571094 0.877344 0.150000 0.101562
0 0.021094 0.428125 0.042188 0.031641
0 0.025000 0.452344 0.050000 0.039453
0 0.032031 0.722656 0.064062 0.056250
0 0.045312 0.785156 0.089844 0.092969
0 0.157812 0.284375 0.240234 0.055469
0 0.081250 0.433594 0.070312 0.034375
0 0.171875 0.621875 0.147266 0.078516
0 0.179688 0.507031 0.067969 0.034375
0 0.260937 0.489844 0.093750 0.057031
0 0.264844 0.454688 0.085938 0.031641
0 0.325000 0.653906 0.161719 0.081250
0 0.314063 0.602344 0.132031 0.061719
0 0.439844 0.860938 0.367969 0.185156
0 0.364063 0.487500 0.084375 0.049219
0 0.374219 0.456250 0.092188 0.029687
0 0.563281 0.254688 0.285937 0.056250
0 0.742969 0.365625 0.373828 0.084766
0 0.690625 0.491406 0.093750 0.062500
0 0.757031 0.502344 0.121875 0.061328
0 0.764062 0.537500 0.115625 0.037500
0 0.831250 0.456250 0.110156 0.045312
0 0.875000 0.621875 0.146094 0.078906
0 0.865625 0.496875 0.124609 0.069531
0 0.932813 0.680469 0.129688 0.102344
0 0.979688 0.628906 0.035156 0.038672