3 0.325000 0.529687 0.118750 0.105469
3 0.028125 0.947656 0.055859 0.065625
3 0.139063 0.360156 0.068750 0.097656
3 0.156250 0.621094 0.044531 0.083203
3 0.162500 0.669531 0.055469 0.054688
3 0.191406 0.322656 0.036719 0.039062
3 0.215625 0.378906 0.055469 0.063281
3 0.300000 0.422656 0.067969 0.100000
3 0.396094 0.457813 0.075000 0.087500
3 0.454688 0.798438 0.067187 0.126562
3 0.476562 0.196875 0.046875 0.075391
3 0.503906 0.901563 0.075000 0.068750
3 0.518750 0.550781 0.079687 0.128125
3 0.531250 0.285938 0.069141 0.091406
3 0.533594 0.163281 0.058203 0.084375
3 0.582812 0.063281 0.092188 0.125781
3 0.573438 0.917969 0.065234 0.067187
3 0.620313 0.875781 0.072656 0.075000
3 0.660937 0.429688 0.091406 0.144141
3 0.894531 0.903125 0.061719 0.082812
3 0.926562 0.238281 0.058594 0.129297
3 0.965625 0.875781 0.066406 0.100000
3 0.983594 0.389062 0.031250 0.072656