3 0.062500 0.767969 0.125000 0.163281
3 0.281250 0.283594 0.562500 0.567187
3 0.172656 0.777344 0.085938 0.123047
3 0.245312 0.641406 0.121094 0.164453
3 0.233594 0.798438 0.073047 0.103125
3 0.341406 0.976562 0.057813 0.046484
3 0.410156 0.609375 0.120313 0.135937
3 0.448437 0.485156 0.114844 0.154688
3 0.439063 0.933594 0.072656 0.090625
3 0.555469 0.511719 0.098437 0.129297
3 0.769531 0.085938 0.395313 0.171875
3 0.653125 0.199219 0.137109 0.171875
3 0.656250 0.515625 0.088281 0.103125
3 0.764062 0.677344 0.052734 0.060938
3 0.783594 0.599219 0.051562 0.077344
3 0.801562 0.471094 0.071484 0.092188
3 0.821094 0.695312 0.045703 0.062109
3 0.903125 0.439844 0.051562 0.074219
3 0.904687 0.487500 0.039062 0.046875
3 0.910156 0.542969 0.046875 0.073828