3 0.025781 0.403906 0.051562 0.164062
3 0.035937 0.721094 0.071875 0.165625
3 0.164062 0.575000 0.078125 0.121094
3 0.242188 0.635938 0.138281 0.137500
3 0.230469 0.785156 0.107813 0.187500
3 0.252344 0.517188 0.041406 0.041406
3 0.294531 0.114062 0.053125 0.071094
3 0.325000 0.750000 0.114062 0.193750
3 0.289844 0.852344 0.037500 0.067969
3 0.328906 0.214062 0.114062 0.181250
3 0.346875 0.917188 0.142187 0.164062
3 0.371094 0.421094 0.075781 0.103125
3 0.464844 0.323437 0.098437 0.137500
3 0.477344 0.439063 0.097656 0.061719
3 0.482812 0.847656 0.053906 0.076563
3 0.473438 0.562500 0.025000 0.060156
3 0.548438 0.705469 0.137500 0.160156
3 0.535937 0.342187 0.082031 0.149219
3 0.569531 0.228125 0.091406 0.189062
3 0.622656 0.353906 0.100781 0.167188
3 0.650781 0.206250 0.083594 0.154688
3 0.700781 0.855469 0.086719 0.097656
3 0.728906 0.532813 0.131250 0.190625
3 0.732031 0.653125 0.033594 0.053125
3 0.732812 0.345313 0.018750 0.057813
3 0.807813 0.460156 0.121875 0.193750