3 0.377344 0.770312 0.147656 0.188281
3 0.164062 0.353125 0.110937 0.164062
3 0.192188 0.523438 0.131641 0.162891
3 0.251563 0.285938 0.100391 0.143359
3 0.278125 0.402344 0.132031 0.140625
3 0.312500 0.557031 0.149219 0.173047
3 0.282813 0.688281 0.081250 0.176172
3 0.300000 0.157031 0.100781 0.146875
3 0.348438 0.301563 0.081250 0.115625
3 0.372656 0.644531 0.088672 0.098437
3 0.384375 0.201563 0.096875 0.139844
3 0.392188 0.411719 0.087891 0.126953
3 0.454688 0.293750 0.118750 0.127344
3 0.460938 0.507812 0.131250 0.166406
3 0.469531 0.389062 0.121875 0.101562
3 0.471875 0.652344 0.100781 0.136328
3 0.498437 0.187500 0.109766 0.115234
3 0.526563 0.720313 0.124609 0.153125
3 0.536719 0.396875 0.077344 0.110156
3 0.558594 0.116406 0.103906 0.124219
3 0.566406 0.306250 0.103125 0.146094
3 0.589063 0.557031 0.128125 0.151562
3 0.587500 0.217969 0.093359 0.091797
3 0.607031 0.479687 0.094922 0.116406
3 0.612500 0.707031 0.081250 0.127344
3 0.615625 0.347656 0.062500 0.123047
3 0.650000 0.171875 0.101562 0.142187
3 0.654687 0.285156 0.062500 0.084375
3 0.683594 0.389844 0.111719 0.134375
3 0.696094 0.114062 0.076563 0.093359
3 0.719531 0.639844 0.109375 0.137500
3 0.733594 0.223438 0.095312 0.103906
3 0.767188 0.321875 0.116406 0.142969
3 0.781250 0.504687 0.116016 0.162109
3 0.799219 0.604688 0.067187 0.112891
3 0.850000 0.386719 0.081250 0.110547
3 0.868750 0.484375 0.099219 0.137500