3 0.048438 0.039844 0.084375 0.079687
3 0.053906 0.102344 0.069531 0.054688
3 0.059375 0.211719 0.071875 0.099219
3 0.109375 0.275000 0.100000 0.091406
3 0.223438 0.504687 0.084375 0.120313
3 0.229687 0.115625 0.082812 0.086719
3 0.291406 0.443750 0.090625 0.121875
3 0.296094 0.159375 0.061719 0.120313
3 0.359375 0.167969 0.084375 0.123438
3 0.363281 0.482812 0.082812 0.115625
3 0.350781 0.031250 0.053125 0.042969
3 0.375000 0.596875 0.100781 0.135156
3 0.393750 0.790625 0.082031 0.051562
3 0.461719 0.612500 0.090625 0.092969
3 0.469531 0.285938 0.085938 0.116406
3 0.506250 0.718750 0.080469 0.102344
3 0.655469 0.438281 0.056250 0.077344
3 0.678125 0.371875 0.082031 0.131250
3 0.750000 0.587500 0.033594 0.080469
3 0.760938 0.981250 0.021875 0.030469
3 0.795312 0.403906 0.090625 0.118750