2 0.034375 0.409375 0.048438 0.064062
2 0.089063 0.482812 0.056250 0.146875
2 0.123438 0.379688 0.034375 0.053906
2 0.133594 0.509375 0.032813 0.074219
2 0.224219 0.466406 0.055078 0.176953
2 0.296094 0.518750 0.032813 0.102734
2 0.325781 0.435156 0.041797 0.150000
2 0.371875 0.453125 0.042969 0.083594
2 0.389844 0.347656 0.020312 0.028125
2 0.402344 0.405469 0.022656 0.086719
2 0.446094 0.507812 0.028906 0.049219
2 0.461719 0.526563 0.019531 0.035156
2 0.486719 0.379688 0.045703 0.147266
2 0.505469 0.517188 0.054688 0.181641
2 0.552344 0.428906 0.051172 0.106250
2 0.585938 0.343750 0.019531 0.069531
2 0.614844 0.389062 0.027344 0.042188
2 0.685156 0.475000 0.039062 0.055469
2 0.758594 0.497656 0.035156 0.104688
2 0.771094 0.306250 0.037500 0.034766
2 0.773438 0.353125 0.042969 0.065625
2 0.787500 0.428125 0.034375 0.062891
2 0.807031 0.478906 0.035937 0.101172
2 0.950000 0.357031 0.021875 0.040625