3 0.009375 0.339062 0.018750 0.048438
3 0.010156 0.558594 0.020313 0.042188
3 0.013281 0.688281 0.025781 0.042188
3 0.015625 0.373437 0.021094 0.019531
3 0.023438 0.270313 0.033594 0.038281
3 0.019531 0.146094 0.024219 0.038281
3 0.032031 0.891406 0.031250 0.048438
3 0.039062 0.099219 0.035156 0.033594
3 0.047656 0.675000 0.036719 0.048437
3 0.067187 0.744531 0.039844 0.056250
3 0.092188 0.972656 0.030469 0.040625
3 0.105469 0.026562 0.031250 0.039062
3 0.118750 0.317188 0.025781 0.027344
3 0.148438 0.613281 0.032813 0.036719
3 0.159375 0.462500 0.038281 0.041406
3 0.171875 0.105469 0.031250 0.043750
3 0.182031 0.202344 0.035156 0.041406
3 0.181250 0.921875 0.029687 0.044531
3 0.183594 0.260156 0.025000 0.035937
3 0.182812 0.879687 0.018750 0.044531
3 0.223438 0.413281 0.039062 0.046875
3 0.216406 0.464062 0.024219 0.024219
3 0.224219 0.739062 0.018750 0.028906
3 0.230469 0.556250 0.021094 0.025000
3 0.237500 0.028906 0.032031 0.035937
3 0.244531 0.699219 0.038281 0.053125
3 0.250000 0.784375 0.017188 0.043750
3 0.257031 0.076563 0.015625 0.035937
3 0.292187 0.112500 0.031250 0.041406
3 0.312500 0.148438 0.027344 0.033594
3 0.319531 0.228906 0.025781 0.041406
3 0.319531 0.471094 0.021875 0.022656
3 0.329688 0.816406 0.031250 0.040625
3 0.334375 0.011719 0.034375 0.023438
3 0.366406 0.592187 0.087500 0.138281
3 0.353125 0.395313 0.034375 0.038281
3 0.398438 0.122656 0.030469 0.040625
3 0.432031 0.257812 0.027344 0.040625
3 0.435937 0.410938 0.034375 0.049219
3 0.439063 0.567187 0.029687 0.043750
3 0.443750 0.771875 0.035937 0.043750
3 0.446094 0.473438 0.031250 0.046094
3 0.478906 0.476562 0.034375 0.050781
3 0.506250 0.022656 0.024219 0.036719
3 0.514844 0.196875 0.021094 0.041406
3 0.558594 0.259375 0.029687 0.042188
3 0.558594 0.889844 0.014063 0.031250
3 0.576562 0.216406 0.032031 0.046875
3 0.604688 0.464844 0.034375 0.039062
3 0.612500 0.067969 0.017969 0.019531
3 0.633594 0.021875 0.025781 0.032031
3 0.640625 0.961719 0.030469 0.027344
3 0.644531 0.100781 0.035156 0.055469
3 0.653906 0.679688 0.031250 0.048438
3 0.679688 0.160938 0.039844 0.046875
3 0.677344 0.257812 0.034375 0.046875
3 0.679688 0.782813 0.030469 0.044531
3 0.703125 0.604688 0.030469 0.044531
3 0.715625 0.650000 0.017969 0.024219
3 0.741406 0.638281 0.032812 0.039062
3 0.746094 0.228906 0.032813 0.048438
3 0.744531 0.053906 0.017969 0.022656
3 0.782813 0.120313 0.036719 0.040625
3 0.789844 0.853125 0.034375 0.050781
3 0.789844 0.347656 0.031250 0.040625
3 0.800000 0.492969 0.033594 0.044531
3 0.795312 0.211719 0.018750 0.027344
3 0.803906 0.732812 0.028125 0.039062
3 0.803125 0.285938 0.010156 0.033594
3 0.823438 0.360156 0.032813 0.033594
3 0.839063 0.550000 0.023438 0.044531
3 0.842969 0.243750 0.027344 0.036719
3 0.846094 0.971875 0.033594 0.048438
3 0.851562 0.917969 0.025781 0.039062
3 0.935156 0.543750 0.029687 0.041406
3 0.939063 0.028125 0.032031 0.041406
3 0.954688 0.951562 0.043750 0.053906
3 0.960156 0.332813 0.025781 0.033594
3 0.957031 0.070312 0.015625 0.021094
3 0.966406 0.502344 0.032031 0.034375
3 0.982031 0.764062 0.032813 0.046094
3 0.990625 0.520312 0.017969 0.014844