3 0.271875 0.153125 0.075781 0.112500
3 0.057031 0.056250 0.114062 0.112500
3 0.046875 0.207031 0.085938 0.148438
3 0.090625 0.153906 0.057813 0.069531
3 0.102344 0.582812 0.042188 0.069531
3 0.221094 0.121094 0.057813 0.104688
3 0.379688 0.456250 0.028125 0.024219
3 0.389844 0.411719 0.045703 0.040625
3 0.467969 0.498437 0.041797 0.046875
3 0.465625 0.348438 0.024219 0.053125
3 0.521094 0.455469 0.019922 0.046875
3 0.658594 0.048438 0.032422 0.040625
3 0.692969 0.039062 0.021875 0.044531
3 0.729688 0.170313 0.033984 0.062891
3 0.756250 0.108594 0.025391 0.056250