3 0.189062 0.790625 0.085938 0.132812
3 0.070312 0.947656 0.056250 0.103906
3 0.115625 0.977344 0.103906 0.042969
3 0.146094 0.899219 0.064844 0.077344
3 0.190625 0.900781 0.078125 0.063281
3 0.172656 0.962500 0.039062 0.064062
3 0.217969 0.925781 0.070312 0.094922
3 0.246875 0.849219 0.080859 0.069922
3 0.260937 0.723437 0.069141 0.115625
3 0.282813 0.967187 0.099219 0.063281
3 0.306250 0.884375 0.055859 0.103516
3 0.306250 0.775781 0.036719 0.081250
3 0.323437 0.579688 0.064844 0.075000
3 0.339062 0.667969 0.096094 0.134375
3 0.361719 0.910937 0.073438 0.123438
3 0.373437 0.478906 0.096094 0.115625
3 0.355469 0.786719 0.026562 0.095312
3 0.394531 0.922656 0.078125 0.110937
3 0.385156 0.794531 0.048438 0.120703
3 0.377344 0.613281 0.026563 0.045312
3 0.402344 0.397656 0.069531 0.092969
3 0.437500 0.269531 0.092188 0.110156
3 0.439063 0.679688 0.094531 0.134375
3 0.423438 0.819531 0.027734 0.098828
3 0.450781 0.800000 0.048438 0.097656
3 0.468750 0.417969 0.069531 0.097656
3 0.473438 0.478906 0.072266 0.104688
3 0.506250 0.696875 0.108984 0.146875
3 0.512500 0.549219 0.086719 0.117969
3 0.525781 0.294531 0.062500 0.114062
3 0.542969 0.421875 0.067187 0.137500
3 0.544531 0.069531 0.046094 0.139063
3 0.586719 0.163281 0.098437 0.099219
3 0.599219 0.535156 0.107813 0.135937
3 0.574219 0.092188 0.050000 0.096094
3 0.630469 0.342969 0.142187 0.203125
3 0.596875 0.028125 0.071875 0.056250
3 0.635938 0.072656 0.073438 0.145313
3 0.662500 0.216406 0.057813 0.088281
3 0.694531 0.439063 0.107813 0.140625
3 0.695312 0.089844 0.092188 0.168750
3 0.718750 0.208594 0.065625 0.104688
3 0.734375 0.328906 0.089063 0.091406
3 0.732812 0.023438 0.054688 0.046094
3 0.768750 0.114844 0.054688 0.129688
3 0.800000 0.244531 0.096484 0.168750
3 0.803125 0.042188 0.092969 0.084375
3 0.827344 0.102344 0.102344 0.092188
3 0.877344 0.214844 0.095312 0.151172