0 0.846875 0.781250 0.122656 0.144531
0 0.592969 0.420312 0.053906 0.078125
0 0.600000 0.508594 0.039844 0.053125
0 0.630469 0.544531 0.055469 0.068750
0 0.650781 0.472656 0.064062 0.068750
0 0.646094 0.396094 0.051562 0.034375
0 0.650781 0.431250 0.058594 0.055469
0 0.677344 0.548438 0.042578 0.041406
0 0.698438 0.459375 0.048437 0.079687
0 0.717187 0.574219 0.034375 0.043750
0 0.742969 0.505469 0.057031 0.074219
0 0.756250 0.607812 0.064062 0.053125
0 0.787500 0.539062 0.062500 0.072266
0 0.786719 0.473438 0.046875 0.052344
0 0.803125 0.603125 0.034375 0.039844
0 0.836719 0.469531 0.070312 0.059375
0 0.830469 0.514062 0.044531 0.072656
0 0.839844 0.579688 0.042969 0.035937