3 0.768750 0.886719 0.193750 0.173437
3 0.187500 0.560937 0.231250 0.115625
3 0.205469 0.404687 0.210938 0.103125
3 0.217188 0.250781 0.212500 0.114062
3 0.220312 0.120313 0.218750 0.109375
3 0.221875 0.854688 0.221875 0.190625
3 0.435156 0.170313 0.148438 0.237500
3 0.536719 0.689063 0.148438 0.168750
3 0.630469 0.150000 0.117188 0.228125
3 0.652344 0.399219 0.148438 0.120313
3 0.742188 0.522656 0.159375 0.117188
3 0.780469 0.646875 0.160937 0.118750
3 0.806250 0.146094 0.140625 0.232813
3 0.820312 0.375000 0.134375 0.125000