5 0.076563 0.597656 0.085156 0.165625
5 0.107031 0.880469 0.055469 0.075781
5 0.238281 0.915625 0.136328 0.166016
5 0.228125 0.469531 0.097266 0.282813
5 0.260156 0.672656 0.082812 0.060938
5 0.290625 0.107031 0.099219 0.130078
5 0.308594 0.542969 0.089063 0.147656
5 0.349219 0.669531 0.076953 0.119922
5 0.487500 0.641406 0.050781 0.072656
5 0.535937 0.319531 0.082812 0.103125
5 0.587500 0.221875 0.087109 0.108984
5 0.725000 0.533594 0.079687 0.095312
5 0.778125 0.662500 0.089063 0.146875
5 0.768750 0.333594 0.065625 0.142187
5 0.834375 0.363281 0.114844 0.171094