3 0.008594 0.030469 0.017188 0.042188
3 0.028906 0.169531 0.056250 0.082031
3 0.039062 0.325781 0.050781 0.067187
3 0.049219 0.614844 0.026562 0.029688
3 0.046094 0.435156 0.018750 0.054688
3 0.089063 0.490625 0.040625 0.020313
3 0.095312 0.029687 0.033594 0.051562
3 0.121094 0.572656 0.041406 0.065625
3 0.137500 0.500000 0.046875 0.065625
3 0.149219 0.135156 0.034375 0.045312
3 0.167187 0.239063 0.043750 0.054688
3 0.156250 0.579688 0.020313 0.047656
3 0.172656 0.640625 0.049219 0.062500
3 0.225000 0.658594 0.064062 0.089844
3 0.292187 0.382031 0.132812 0.129688
3 0.262500 0.142187 0.047656 0.071875
3 0.271094 0.032031 0.051562 0.063281
3 0.277344 0.102344 0.033594 0.041406
3 0.329688 0.700781 0.035156 0.057031
3 0.345313 0.561719 0.054688 0.073438
3 0.382031 0.786719 0.057031 0.070312
3 0.444531 0.187500 0.160156 0.154688
3 0.431250 0.971875 0.039844 0.044531
3 0.467187 0.928125 0.046875 0.080469
3 0.466406 0.018750 0.024219 0.037500
3 0.502344 0.926562 0.036719 0.073438
3 0.504687 0.026562 0.036719 0.046875
3 0.511719 0.581250 0.025781 0.053906
3 0.592187 0.470313 0.039844 0.053906
3 0.604688 0.210156 0.040625 0.061719
3 0.647656 0.109375 0.041406 0.058594
3 0.649219 0.725000 0.043750 0.057813
3 0.682031 0.138281 0.036719 0.054688
3 0.686719 0.405469 0.023438 0.053125
3 0.707812 0.171875 0.042188 0.066406
3 0.714844 0.503906 0.043750 0.056250
3 0.720313 0.442969 0.034375 0.025781
3 0.735156 0.853125 0.061719 0.078906
3 0.746875 0.015625 0.035937 0.031250
3 0.753906 0.138281 0.039062 0.039844
3 0.791406 0.657813 0.040625 0.052344
3 0.800781 0.239844 0.037500 0.057813
3 0.812500 0.798438 0.041406 0.052344
3 0.819531 0.082031 0.039844 0.057031
3 0.836719 0.303125 0.048438 0.066406
3 0.840625 0.993750 0.031250 0.009375
3 0.860938 0.557031 0.028906 0.046875
3 0.870313 0.404687 0.029687 0.058594
3 0.935156 0.161719 0.126562 0.141406
3 0.911719 0.878906 0.057031 0.078906
3 0.911719 0.400781 0.044531 0.064063
3 0.975781 0.389844 0.027344 0.067187