1 0.390625 0.889062 0.330859 0.219141
1 0.801562 0.826562 0.396094 0.344141
3 0.742969 0.804688 0.132422 0.141016
3 0.281250 0.735156 0.117969 0.126562
3 0.428125 0.732031 0.131641 0.120703
3 0.545312 0.729688 0.097656 0.167187
3 0.628906 0.807813 0.096094 0.115625
3 0.666406 0.712500 0.107813 0.121094
3 0.714844 0.619531 0.073438 0.104297
3 0.782813 0.683594 0.097656 0.133594
3 0.840625 0.623437 0.063281 0.115625
3 0.880469 0.531250 0.092188 0.112891
3 0.946875 0.816406 0.098437 0.167187
3 0.947656 0.686719 0.080469 0.103125
3 0.957812 0.610938 0.047656 0.028125
3 0.973437 0.554688 0.052734 0.066016