3 0.390625 0.100000 0.031250 0.034375
3 0.401562 0.050781 0.020313 0.020313
3 0.550000 0.126562 0.061719 0.015234
3 0.560156 0.046875 0.014453 0.021875
3 0.608594 0.059375 0.041797 0.024219
3 0.665625 0.008594 0.031250 0.017188
3 0.692969 0.049219 0.038672 0.017188
3 0.727344 0.010937 0.046875 0.018750
3 0.764844 0.050781 0.040625 0.036719
3 0.787500 0.008594 0.037891 0.017188
3 0.895312 0.137500 0.008594 0.011719
3 0.928906 0.134375 0.045703 0.030859
3 0.924219 0.065625 0.020313 0.025391
3 0.963281 0.010937 0.066406 0.021875
3 0.957812 0.157031 0.029687 0.027344