3 0.017188 0.400781 0.034375 0.126563
3 0.020313 0.197656 0.040625 0.073438
3 0.022656 0.271875 0.045312 0.128125
3 0.025781 0.132031 0.051562 0.060937
3 0.075000 0.753906 0.150000 0.254688
3 0.107031 0.932813 0.214062 0.132031
3 0.117188 0.546094 0.218750 0.245313
3 0.063281 0.278906 0.056250 0.094922
3 0.096875 0.334375 0.114062 0.121875
3 0.065625 0.184375 0.036719 0.091016
3 0.085938 0.173437 0.020313 0.059375
3 0.126562 0.271094 0.071484 0.069922
3 0.135156 0.222656 0.057813 0.060937
3 0.168750 0.211719 0.059766 0.092578
3 0.272656 0.769531 0.251953 0.289062
3 0.209375 0.304688 0.103906 0.075781
3 0.214062 0.243750 0.064844 0.044531
3 0.285938 0.488281 0.150000 0.192188
3 0.276562 0.290625 0.056250 0.047266
3 0.310937 0.345313 0.106250 0.100000
3 0.388281 0.902344 0.235937 0.192188
3 0.359375 0.315625 0.050781 0.094141
3 0.387500 0.453906 0.064844 0.069531
3 0.392188 0.383594 0.056250 0.071094
3 0.421094 0.324219 0.060547 0.048047
3 0.435937 0.412500 0.085156 0.107031
3 0.528125 0.430469 0.156250 0.178906
3 0.579688 0.312500 0.122656 0.135156
3 0.599219 0.897656 0.129297 0.201172
3 0.615625 0.684375 0.153906 0.277344
3 0.675000 0.498437 0.162500 0.182812
3 0.642188 0.309375 0.064844 0.101562
3 0.664844 0.344531 0.102344 0.071094
3 0.703906 0.951562 0.064844 0.085938
3 0.735938 0.267969 0.122656 0.136719
3 0.745313 0.691406 0.128516 0.241797
3 0.821875 0.939844 0.221094 0.116406
3 0.783594 0.393750 0.142187 0.206250
3 0.835156 0.575781 0.135547 0.192188
3 0.875781 0.837500 0.216797 0.256641
3 0.851562 0.189844 0.081250 0.133594
3 0.896094 0.313281 0.102344 0.113281
3 0.897656 0.444531 0.085156 0.172656
3 0.940625 0.723437 0.116016 0.221484
3 0.950000 0.563281 0.097266 0.143750
3 0.960938 0.422656 0.060156 0.138672
3 0.964063 0.931250 0.068750 0.133984
3 0.967187 0.263281 0.062500 0.182813