3 0.682813 0.533594 0.103906 0.135547
3 0.012500 0.387500 0.015625 0.046875
3 0.028906 0.396875 0.011719 0.045312
3 0.047656 0.400781 0.007812 0.046875
3 0.053125 0.422656 0.017969 0.067969
3 0.071875 0.421094 0.017969 0.061719
3 0.087500 0.428125 0.019531 0.056641
3 0.105469 0.452344 0.017188 0.057422
3 0.143750 0.456250 0.030859 0.061719
3 0.167969 0.469531 0.031250 0.064844
3 0.201563 0.471875 0.030469 0.060156
3 0.221094 0.488281 0.039062 0.082812
3 0.248438 0.505469 0.025000 0.089063
3 0.273438 0.511719 0.034766 0.082812
3 0.310156 0.515625 0.045703 0.088281
3 0.345313 0.538281 0.068750 0.082812
3 0.343750 0.683594 0.033984 0.053125
3 0.343750 0.639062 0.020313 0.067187
3 0.372656 0.646094 0.037500 0.073047
3 0.374219 0.707812 0.034375 0.066016
3 0.392969 0.557031 0.061719 0.117188
3 0.406250 0.464062 0.042969 0.075391
3 0.421094 0.665625 0.059375 0.085938
3 0.421875 0.373437 0.057031 0.084375
3 0.428906 0.290625 0.043750 0.063281
3 0.439063 0.753125 0.046094 0.089844
3 0.453125 0.577344 0.065625 0.110547
3 0.457813 0.465625 0.055469 0.082812
3 0.469531 0.381250 0.070312 0.089063
3 0.468750 0.299219 0.055469 0.067187
3 0.470313 0.701562 0.046875 0.089844
3 0.491406 0.796875 0.073438 0.094141
3 0.514844 0.597656 0.089063 0.117578
3 0.516406 0.490625 0.079297 0.108984
3 0.517188 0.388281 0.066016 0.082812
3 0.527344 0.307812 0.061328 0.087500
3 0.531250 0.717187 0.063281 0.099219
3 0.557813 0.825781 0.070312 0.089063
3 0.597656 0.623437 0.117188 0.139844
3 0.595313 0.397656 0.090234 0.098437
3 0.585938 0.303125 0.063281 0.077344
3 0.612500 0.753125 0.100781 0.106641
3 0.639062 0.865625 0.089063 0.124219
3 0.660937 0.417187 0.096875 0.130469
3 0.657031 0.310937 0.073438 0.084375
3 0.695312 0.670312 0.116016 0.130859
3 0.716406 0.782813 0.096875 0.113281
3 0.742969 0.303906 0.098437 0.120703
3 0.771875 0.570312 0.100000 0.146875
3 0.809375 0.702344 0.104688 0.128906
3 0.816406 0.809375 0.090625 0.088281
3 0.843750 0.338281 0.134375 0.154688
3 0.863281 0.460156 0.114062 0.114062
3 0.879687 0.588281 0.092969 0.130469
3 0.903906 0.726562 0.101172 0.118359