3 0.035937 0.429688 0.071875 0.104688
3 0.070312 0.412500 0.081250 0.119531
3 0.084375 0.850781 0.074219 0.085938
3 0.122656 0.831250 0.078125 0.106250
3 0.223438 0.430469 0.088281 0.103906
3 0.267969 0.411719 0.089063 0.123437
3 0.266406 0.864062 0.081250 0.085938
3 0.308594 0.848437 0.081250 0.103906
3 0.442188 0.428125 0.091406 0.106250
3 0.470313 0.871094 0.084375 0.088281
3 0.486719 0.407031 0.090625 0.121094
3 0.510938 0.850781 0.083594 0.104688
3 0.653125 0.431250 0.091406 0.103125
3 0.669531 0.881250 0.086719 0.086719
3 0.696875 0.411719 0.091406 0.116406
3 0.713281 0.861719 0.083594 0.108594
3 0.860938 0.437500 0.092188 0.100781
3 0.866406 0.880469 0.089844 0.089063
3 0.907031 0.417187 0.087500 0.121875
3 0.910937 0.860938 0.083594 0.108594