2 0.065625 0.685937 0.131250 0.219531
2 0.214844 0.932031 0.121875 0.132812
2 0.235156 0.569531 0.130469 0.085938
2 0.281250 0.453125 0.133594 0.176563
2 0.321094 0.870313 0.083594 0.116406
2 0.410938 0.897656 0.215625 0.202344
2 0.367969 0.208594 0.113281 0.148438
2 0.402344 0.409375 0.160938 0.170313
2 0.434375 0.730469 0.156250 0.132812
2 0.433594 0.523438 0.138281 0.058594
2 0.481250 0.232031 0.147656 0.200781
2 0.528906 0.890625 0.118750 0.192188
2 0.549219 0.541406 0.075781 0.091406
2 0.579688 0.154688 0.129688 0.125000
2 0.609375 0.742188 0.140625 0.142187
2 0.627344 0.975781 0.161719 0.045312
2 0.691406 0.413281 0.145313 0.138281
2 0.741406 0.162500 0.163281 0.200781
2 0.728906 0.316406 0.132031 0.100781
2 0.760156 0.735938 0.162500 0.193750
2 0.799219 0.899219 0.191406 0.196875
2 0.860156 0.264844 0.135938 0.167187
2 0.859375 0.372656 0.122656 0.035156
2 0.914062 0.749219 0.169531 0.222656
2 0.968750 0.562500 0.060937 0.150000