3 0.783594 0.650000 0.075000 0.096484
3 0.457031 0.717187 0.050781 0.066406
3 0.496875 0.642188 0.050000 0.075000
3 0.550781 0.807031 0.050781 0.076563
3 0.550781 0.742188 0.042578 0.053125
3 0.561719 0.614062 0.039062 0.047656
3 0.585156 0.446875 0.046875 0.061719
3 0.660937 0.638281 0.059375 0.084375
3 0.685156 0.287500 0.045703 0.065234
3 0.721875 0.612500 0.062500 0.075000
3 0.764844 0.111719 0.054688 0.111719
3 0.770312 0.317188 0.066016 0.100000
3 0.842187 0.082812 0.068750 0.109375
3 0.842187 0.203125 0.046484 0.116016
3 0.900000 0.276562 0.069141 0.110156
3 0.935156 0.708594 0.054297 0.095703
3 0.948438 0.829688 0.050391 0.122266
3 0.985156 0.482031 0.028125 0.079687