3 0.373437 0.287500 0.085938 0.103906
3 0.182812 0.543750 0.103906 0.197656
3 0.256250 0.460156 0.136719 0.192188
3 0.283594 0.689844 0.136719 0.178125
3 0.322656 0.338281 0.060937 0.050781
3 0.386719 0.186719 0.084375 0.127344
3 0.385156 0.381250 0.059375 0.033594
3 0.423438 0.122656 0.079687 0.106250
3 0.432031 0.246094 0.080469 0.085156
3 0.439063 0.331250 0.071875 0.109375
3 0.473438 0.197656 0.056250 0.102344
3 0.470313 0.397656 0.041406 0.062500
3 0.490625 0.266406 0.039062 0.067187
3 0.507812 0.315625 0.065625 0.096875
3 0.533594 0.404687 0.078125 0.106250
3 0.537500 0.220312 0.053125 0.071094
3 0.565625 0.254688 0.071875 0.117188
3 0.628906 0.592187 0.168750 0.158594
3 0.623437 0.769531 0.151562 0.208594
3 0.596875 0.465625 0.074219 0.084375
3 0.605469 0.341406 0.060937 0.104688
3 0.627344 0.162500 0.073438 0.094531
3 0.651563 0.389844 0.085156 0.121094
3 0.666406 0.260937 0.095312 0.089844
3 0.671875 0.480469 0.085938 0.103906
3 0.740625 0.730469 0.092188 0.211719
3 0.749219 0.248438 0.084375 0.092969
3 0.762500 0.488281 0.079687 0.118750
3 0.772656 0.348438 0.088281 0.115625
3 0.770312 0.546875 0.050000 0.064062
3 0.823438 0.269531 0.096094 0.146094
3 0.821875 0.465625 0.036719 0.088281
3 0.846875 0.367188 0.057031 0.096875
3 0.882812 0.307031 0.031250 0.048438